-3.687081708224118071e-01
-9.393864630821546768e-02
-4.660354722200759081e-01
-7.821436359263276294e-01
7.363329585707569791e-01
2.594570356539647182e-01
-2.949625841653698011e-01
-8.649248012706582944e-01
2.527011837235026981e-01
1.973217197942560563e-01
-8.155654977945003825e-01
-8.862968972413451940e-01
-5.257356005437252566e-01
-5.291926592236746441e-01
5.487427641378577192e-01
-9.147977378703537887e-01
-2.906094420430229697e-01
-6.166679275725783782e-02
5.351598390152261242e-01
7.270332756282649189e-01
5.552409526764330305e-01
-5.481996879930974842e-01
5.207784304405731479e-01
-1.172292570009463297e-01
-5.651265297252894282e-01
2.405026283258999698e-01
-7.175529800582258755e-01
-8.224896381146569180e-01
-1.248775041371226191e-01
-4.216236162791604514e-01
-4.538615380052148929e-01
9.808950719100306692e-02
9.303172977307421210e-01
3.848126885690095200e-01
2.895834946270208210e-01
4.516585435605513510e-01
8.766002008732860507e-01
-9.054110571280569175e-01
-9.956188949868176596e-01
-3.072506735286930635e-01
3.559477398990602559e-01
-3.717695904379578753e-01
5.661331360533807810e-01
2.111007475709099079e-01
-7.758782286177128285e-01
7.737559358029255652e-01
-3.155774656882477380e-01
1.023518266595242476e-01
6.313695056126198413e-01
7.090759267113013742e-01
2.545768526099778661e-01
-7.010068087129921466e-01
4.237052858340881745e-01
-3.585450889320513923e-01
8.672829427125972046e-02
1.794208137965433991e-01
-5.367061660897773923e-01
-9.773458459314445790e-01
4.566028705142417543e-01
-8.977099304353459708e-01
6.363342494580721542e-01
-5.085025807075846949e-01
-8.477447043700103713e-01
1.914960559814948837e-01
-6.376511723927307251e-01
-5.666386480116538671e-01
2.428259542677579930e-02
-8.991540786338168001e-01
-4.865272008127590198e-01
-4.910962178429256753e-01
-2.837721143160425452e-01
8.035080561761054341e-03
-6.961512429061853524e-01
1.614573923614681661e-01
-6.214059641584341875e-01
-3.375819299511506610e-01
-2.151987271800483992e-01
-1.553522078168676490e-01
-1.882263837888913383e-01
1.683787123220081838e-01
9.833228854996811652e-01
-7.309908172458723374e-01
1.407212190303086530e-02
6.178170599462438073e-01
9.294393769641939862e-01
5.883943293872100355e-01
-6.427761727558556348e-01
-8.266183937157225436e-01
6.489648432134496048e-01
-4.787119181390269151e-01
8.580212054554317014e-01
9.331903171657605078e-01
-6.209892961981637871e-01
9.284459816917289832e-01
2.978296812948959538e-01
-5.227696348125967507e-01
6.026479606358767782e-01
5.321317012466753038e-01
-5.777626209046824446e-01
-8.089745730734894114e-01
3.901034296502225995e-01
-1.236967044024719353e-01
1.572472536144455812e-01
4.328674722951926235e-01
-2.953531923098859924e-01
-3.822309911890702239e-01
-8.646449256999773070e-01
-1.624577420512727244e-01
-5.392798099856832561e-01
-3.877580388198245132e-01
-1.918542288781721616e-01
8.783288805037090530e-01
-6.386070727625881016e-01
-6.111158212868768036e-01
-8.771743781517016281e-02
8.340113055080256022e-01
-7.836791583127886707e-01
-2.247233532292733926e-01
-8.403398465297666764e-01
-2.028968239469921553e-01
7.517649214334796159e-01
-3.358621427227077572e-01
3.119523150007763590e-01
8.775720095722312486e-01
-6.531445161950590883e-01
2.226048942705984857e-01
-8.724873549024536601e-01
-7.507917510166570718e-01
-1.697729660980429323e-01
-7.022669707922246651e-01
7.718910655149502364e-01
1.802133757938984004e-01
3.656897068772755333e-01
-7.985516910613990049e-01
7.868184786765430871e-01
-2.670302479431378995e-01
6.992193504321624342e-01
4.113184772829954206e-01
-9.974189809948283969e-01
2.107560263308556614e-01
-9.572693567895897981e-01
-1.717911595308700967e-01
-9.017659532616610907e-01
9.845240340111691690e-01
-9.062069063778943612e-01
-7.165202604615024118e-01
-4.960431231364008653e-01
-3.412824237642293479e-01
4.897664425878911487e-01
-6.152810000985973193e-01
7.034217092509842395e-01
-4.392339774037368194e-02
9.805178851051075117e-01
-3.050808481731863697e-01
7.358726147709893084e-02
-5.584161346836382656e-01
2.900185967533979170e-01
2.843651963692663820e-01
5.941590118381743224e-01
1.397350533886356772e-01
-3.199718797284962779e-01
9.735819334952544590e-01
1.796197386500411053e-01
7.004434214336701103e-01
-3.673642518836928161e-01
6.250201356898923422e-01
-4.313252961176550215e-01
3.225634293395993613e-01
-7.700458259858622423e-01
9.603176196963376654e-01
6.020324101874370282e-01
8.580249696362189926e-01
4.688109582573327661e-01
-3.708048574574518419e-01
9.971178543686278761e-01
3.268521466545948329e-02
-3.093086583191262395e-01
6.220821029368948096e-01
-4.269340186223899991e-01
-5.980347746341732051e-01
-3.717466299554532672e-01
-1.991483222661678543e-01
3.038509610621953350e-01
-9.393375830609171917e-01
-6.243164781286563159e-01
-6.343166787897884795e-01
3.539778372710880028e-01
6.270453427039801575e-02
-6.495687815091630846e-01
-8.287138936875892981e-02
5.739751371736494523e-01
-9.254607820041655941e-01
-7.834828359378698259e-01
-4.167359333667945975e-01
7.058161386847681129e-01
3.669662546714120843e-01
-9.758691014444635936e-01
5.514626115420142582e-01
6.297006732423451325e-01
9.176031290691262221e-01
8.887721238575734262e-01
4.974491743477740258e-01
7.697127373026537711e-01
-4.342545375635289417e-01
9.844801585118907461e-01
1.984117714529276544e-01
-5.433331596441977052e-01
6.075377601266800376e-01
-9.073617586676929747e-01
2.535627981941541709e-01
9.661454354812704093e-01
-2.746437235199801208e-01
2.176752986976731030e-01
5.282527905126817025e-01
1.980536567201607312e-02
8.718772518292106088e-01
-5.781649986853427681e-01
8.121874395187260731e-01
8.998026136881476233e-01
7.943631580162373584e-01
-4.532983798781531348e-02
4.629661502177109256e-01
-8.134522617951149837e-01
-1.196096062739964161e-01
-6.969097379740585296e-01
-7.901676758444728943e-01
1.922411466082742937e-01
-2.903762392375108803e-03
3.281256408621049392e-01
-5.208193706403483336e-01
-5.665670367756494574e-01
-7.165275724236106480e-01
-8.698855130103866351e-02
-8.217796922117581726e-01
3.351811869120153720e-01
6.059268407179771998e-01
-3.216451125257822063e-01
-8.075246263184541196e-01
6.567271529925484685e-01
2.667179315268120021e-02
-1.849886883893070433e-02
1.928864886903038922e-01
-6.879074943190666147e-02
7.975687834962359446e-01
6.225102479609427863e-01
8.574244160705206674e-01
-7.500289568595341905e-02
2.148413250248557560e-01
-9.618200690552289878e-01
-1.609682081276497811e-02
4.896674418694835218e-01
8.430230649414620636e-01
-7.589952229585272825e-01
7.147009173203899834e-02
-4.465199241342350245e-01
5.504735187073099834e-01
-4.056491515816871285e-01
4.075212103281780074e-01
5.782197036560046133e-01
-3.092681928990119733e-01
8.563610240871089019e-02
8.868404262268414495e-01
5.805258052631581123e-01
2.758840455343942732e-01
-8.019504151153391547e-01
