6.359973336754386475e-01
2.146285130202660874e-01
2.634309875534229795e-02
5.931535943655315973e-02
-2.368628822564541603e-01
-3.046940425251761786e-01
1.824651650358872224e-01
3.393761323996993817e-01
-3.947746983559100031e-01
-9.693345702009698028e-02
4.183914044350774408e-01
-4.787211964262565456e-01
3.648821991950544352e-01
3.752062847909463095e-01
-2.403314023374573116e-01
5.467851108144436978e-01
6.978481753180387770e-04
-3.329892175850641678e-01
1.667935126288330183e-01
4.823854357405716886e-01
-4.338416201712114173e-01
-1.000672785502339512e-01
-8.252397416724258083e-02
3.112686644075719766e-02
-3.435136561243065101e-01
8.586015337061625452e-02
-3.715847452168615783e-01
-4.932781781502786345e-01
4.976304897501150626e-02
-3.192772056748254816e-01
5.724341713487692829e-01
-3.655078769910352632e-01
-7.690922718208589859e-02
-3.572636857875784999e-01
-2.297035535211085222e-02
-4.590281883349387471e-01
1.617279308679273053e-02
-1.364521389560214293e-01
1.988967620213870358e-02
-1.070853301242311872e-01
1.312713672937068643e-01
-1.368759472575815928e-01
1.286824435744240436e-01
-3.482912184316247495e-01
2.300880361130231144e-01
-1.234869063628187685e-01
-4.766680474684770186e-02
4.351107870786780074e-02
-7.818054113430698004e-01
2.481044161780382451e-01
-5.435477435081336184e-01
3.331493288093372307e-01
1.026590867448827216e-01
-5.076388493756825437e-02
-3.946029917502665851e-01
7.415753084441302212e-01
1.716951882584053235e-01
3.690114390942383915e-01
-6.073111290988731335e-03
-2.698088852124052583e-01
-3.087262652361034698e-01
-3.960481856983247839e-01
-3.591992300565182150e-01
-2.170589655956075004e-01
-1.632102443935075642e-01
5.218028575618073317e-01
-2.051241730028549037e-01
-2.191599212913452055e-01
-1.295950866233151477e-01
4.602658592095831835e-02
-3.454254948217498900e-01
4.572128131145830610e-01
-2.888829399742456339e-01
-3.081239494025339587e-01
-5.182730583324856033e-01
-2.549491502327104198e-01
-1.751816126172787702e-01
-1.598952742187098597e-02
3.677539570535270919e-01
2.217435692183772900e-01
-3.192585938370233190e-01
3.554505743633187831e-02
3.443239509746152116e-01
4.233982966909812240e-01
3.170065921594279745e-02
2.549208243039523536e-01
-4.261261653257672477e-01
-1.634650800533260784e-01
5.009585652287913415e-01
3.008853365784045497e-01
-3.231045161466327142e-01
-4.311974324193189601e-01
2.560042214944661665e-01
-1.265600757780623864e-01
-9.227085528258349711e-02
-2.173111465866533198e-01
-4.105952750208085589e-01
1.335975260993139679e-01
-3.541846728992973370e-01
2.541939345875059431e-01
-9.821525369561526220e-02
1.591155273688502070e-02
-2.379294191290746152e-01
-3.856951148081860792e-02
-1.508361938402849878e-01
2.322963810257242523e-01
-1.654568836127792153e-01
-5.908615323223769256e-01
3.344601267162667924e-01
2.190886733198159630e-01
9.993681565507822606e-02
-4.531155482979424276e-01
2.210498349940075435e-01
3.687103393025945586e-01
-1.437621919755091293e-01
1.691100976066065020e-01
-3.440030057205588632e-01
3.682410414314418734e-01
-4.030876112545713624e-02
-8.824762984581188685e-02
-3.786565766122452215e-01
8.062441732036307318e-01
3.716314365362242689e-01
4.158554327451836896e-02
9.905969761662332396e-02
1.041424114489028774e-01
-3.742377091020757662e-01
-1.202219834254885100e-01
-2.987056105415264451e-01
-3.505188730342684855e-01
-2.208540712953226820e-02
-3.469948262713575815e-01
3.638671230099181919e-01
3.609213545977908444e-01
4.673970494256932118e-02
-1.771255488436523640e-01
6.305741822549687514e-01
2.444326289116953155e-01
6.388509861499958031e-01
1.050188436684454246e-01
-4.936989353104876965e-01
-3.736441244946138718e-01
-7.224075726424101784e-01
-2.694509465355378053e-01
-5.932471199695781017e-02
3.658918660378931431e-01
-5.857999970143951129e-02
-8.225669197998358717e-03
-4.770141912704777276e-01
2.351209057846165296e-01
-1.700054549706581097e-01
-6.487068770453563449e-02
-2.286329464066877426e-01
-3.835596110459698060e-01
-1.263962431011196041e-01
4.403045251563771911e-01
6.532202461856954079e-01
1.426810553346606614e-01
-6.474875828940548361e-01
2.131078760163937491e-01
-3.294396981240299560e-01
-3.128528166269919919e-03
4.715583481666621446e-01
1.675081455496009453e-01
1.538856817489994699e-01
-6.726794623796942263e-01
6.770372056615814316e-02
9.006846373017221574e-02
-2.631891962744577484e-01
-5.925034816243622826e-01
-1.975215512775898782e-02
-5.357641634791417973e-01
-2.594109401337003074e-01
-5.566833986771821952e-01
3.078048176950386461e-01
1.641638571657473289e-01
-3.634201907037521995e-01
-3.130291323217351263e-01
2.636473193999105957e-01
-2.603798883564609201e-01
-5.409542583527825188e-02
-4.925558544524534788e-01
-5.185308904569242705e-02
-2.706570140826562998e-01
-1.969648846429794820e-01
4.102950453514888490e-02
2.290742772902624180e-01
1.919022939333153710e-01
4.875105452075676471e-01
3.060991612664121578e-02
1.800174325957321630e-01
-1.416881858804029393e-01
2.497936400398245993e-01
6.037320393930885321e-02
-3.235567283414316764e-01
8.414014198853468629e-02
-1.530093583250291822e-01
-3.120705534390120772e-01
8.489879706258998127e-01
-2.589656924292278450e-01
-1.423875736077022391e-01
6.016436331408217542e-02
3.460446298312191971e-02
-1.666229413816645022e-01
-2.828341220455256044e-01
-3.400791259710822523e-01
1.084811723346992690e-01
-3.810133016722012100e-01
-3.318719851150793432e-02
-3.473892586822522333e-01
-5.121096166584242493e-01
1.240688018205457210e-01
3.215464640591331191e-02
6.860020549770378118e-01
-9.055176583246950239e-02
-7.113359886626235973e-02
-2.775093806644490790e-01
4.642512950011185024e-01
2.200627601731554583e-01
-1.262453256434039606e-01
-1.506724702774890623e-02
-5.664923175672142985e-01
-1.713872660689383376e-02
-4.825392441484880890e-01
-9.143610387610599799e-02
-6.121207769405626609e-01
2.164509424688490502e-01
2.949083624089259281e-01
6.539548695491749219e-01
1.845273161176035903e-01
-1.927079607417007678e-01
7.419510384658516144e-02
-4.418845673418787534e-01
-1.098679863238164744e-01
-2.567260587700266883e-01
5.825855949219346241e-01
7.747490376060379991e-02
6.295681845768689167e-01
6.265937690885980960e-01
3.177794322091790913e-01
-9.049508075728517342e-01
-5.287674443217979525e-02
3.576563883810349731e-01
-5.509321263107667122e-01
8.799476891599875561e-01
2.368075510871028022e-01
-4.267231610769219863e-01
2.448530661432204991e-01
-7.148502943520011754e-02
4.136081529141121677e-02
-4.495329088581961896e-02
-6.433627545100536471e-01
-4.541250779780277580e-01
-3.114997631888820617e-01
-1.544587956527688211e-01
3.602383100016254280e-01
2.559141890674606623e-01
1.646506879059733697e-01
2.657046054990517825e-01
-3.823158559599885639e-03
-4.208868353491831416e-01
1.471976658982510622e-01
-1.618855025806999193e-01
3.789019257680166231e-01
2.469153867543964209e-01
