-3.600219884588468644e-01
3.220025968565819463e-01
-2.320026330412222615e-01
-2.630552192380254395e-01
-7.782278811568299481e-01
4.812788857574641366e-01
-3.684403180813242695e-01
-3.749517851576682492e-01
-2.031825155570861005e-02
-4.924427694696926205e-01
3.365563929087721506e-01
1.899043504599578214e-01
-5.824949180698463236e-01
-2.913841590322007180e-01
2.382987516450731924e-01
-3.041046751612515586e-01
-3.670678278138088113e-01
-1.971573054473664266e-01
9.470245316934815527e-01
-2.677139338684754177e-01
3.108629916212567457e-01
-4.383238373648792874e-01
-2.121808962820170563e-01
1.182495587168631151e-01
2.543711354261034563e-01
-9.160162256150419791e-02
-5.564631555408041663e-01
3.297652283409246987e-01
1.954206442517492093e-01
-4.162410599709732151e-01
-8.873652447754130090e-01
4.613124681110577496e-01
-3.712740515104319405e-02
-3.612802898311726629e-01
2.844937504791797411e-01
-4.822073245883076731e-02
3.980767110857607038e-01
6.614522421860492551e-01
-1.468455417931882889e-01
-4.039384358396270192e-01
4.265755964082200702e-01
-3.393079336753463959e-01
-2.410300583469195956e-01
-9.608101694269499671e-02
-2.663523263931901752e-01
1.700779561451340183e-01
-1.779390811424467755e-01
-4.442872850742543012e-01
-7.673327501925839567e-01
-3.992441273457690842e-01
1.798660809955124895e-01
-1.825453909300854827e-01
1.067376836144207086e-01
-5.699519540564095266e-01
1.689256784074646967e-01
-3.903009492289319926e-01
2.167353252705669364e-01
-6.767657024721341896e-01
1.679033568579836044e-01
4.857982094337702228e-01
3.397165654539314184e-01
-3.027845046450540201e-01
-1.089979880110002880e-01
-5.055721164693838254e-01
-9.889425545528876538e-02
-6.164893545185867740e-02
7.493208921784011434e-01
-4.620098693611817686e-01
1.917684528091694873e-01
7.494032518504986640e-02
8.118717923082603705e-02
-3.833625035957644589e-01
2.426888570323624816e-01
-3.189034451140823068e-01
-3.044622752591957804e-03
-3.992204525091976874e-01
-4.395890367027895373e-01
-2.369491684491840389e-01
-5.862499669599845475e-01
3.259240970111335622e-01
3.833462142414720830e-01
-1.851969241866230909e-01
-5.772986755325361097e-01
-5.902479654825874000e-01
-2.046831299772468582e-01
-9.733398435558826556e-02
3.329980944715261737e-01
3.570783680346351630e-01
-1.995993221581694038e-02
-1.725677047345127446e-01
-6.078527478348819818e-02
2.380754071480364886e-01
-5.440244540132007645e-01
-2.566702543198816633e-01
3.189728819688043560e-01
2.246254040321837842e-01
-3.915345080230302477e-01
2.061247341481636797e-03
-2.830739484178075860e-01
2.928327908807173974e-01
-3.300513569593597762e-01
1.669401503820372445e-01
4.162571797091313419e-01
-2.143425400928933300e-01
1.513049810234270154e-01
-3.467999909120816349e-01
-7.337148373729697470e-02
-3.244273633100083765e-02
6.987818130119834159e-02
2.883442512569044380e-01
2.507329630897643380e-01
1.625236228683805406e-01
-1.328312696687306560e-01
-2.520676088449590457e-01
-7.193542832023593070e-02
1.485155255171167754e-01
-8.262762662055235519e-02
-1.780242958091882155e-02
9.864711190373624816e-04
9.293447307875791763e-01
-6.332331387199654493e-01
-6.098200477549907683e-01
6.329276792728385503e-01
-4.841380910114359004e-01
-2.137669442564684164e-01
-7.582395446180044407e-02
4.838371825274086213e-02
6.472397105719392141e-02
-6.807457712022248197e-02
4.978256241789378311e-01
7.837809748436794233e-02
-3.159512521298684651e-01
1.221427098216457813e-01
-4.122952425028317269e-01
1.210193678578549981e-01
-3.820576262220687913e-01
-1.169627431033063436e-01
-3.862525150419367503e-01
4.742125441381230266e-01
2.563124770277259712e-01
4.059704539529772616e-01
-3.435852298302185526e-01
5.190742177919078770e-01
7.794831737923471060e-01
-7.135001993502576578e-02
-1.428391017958923759e-01
-1.225570115038707580e-01
-5.651633320317609455e-01
-5.917316471698812475e-01
-2.178652107698513807e-01
4.737730757598604403e-04
-1.501759681326296780e-01
1.014471889375064828e-01
-1.682983610390159646e-01
-1.577635140562924365e-01
-8.140182623312418320e-02
1.623542307965220033e-01
-3.961747725516318042e-01
-5.345613180871310044e-02
1.539801476725479734e-01
1.986137151933546618e-02
-5.813195260883388116e-01
9.049374811409918729e-02
-3.343770250945303779e-01
-3.039066759284617808e-02
-6.247971311981862508e-01
-1.978045565919751281e-01
3.390391576862940570e-01
-3.861966098439523210e-01
3.815689448884826418e-01
-1.601078156563124077e-01
4.602077302166855954e-01
-2.724523600006040214e-01
1.306514200931530589e-01
-1.361844242699970509e-01
5.887507952590476101e-02
-1.474098789284510880e-01
-5.860157759523855203e-01
-1.997572766710918879e-01
-4.453303762770810525e-01
9.511475810404310116e-02
3.617103748774788130e-01
8.558772312270409577e-01
-7.076157984838379322e-01
4.887976413687965538e-01
1.396257161141507552e-01
-8.018551401780119603e-01
-1.686329069229859090e-01
4.190047699952136745e-02
-6.633287712139196435e-03
-4.521243153557463201e-01
2.268677974635903705e-01
-1.271593324377907064e-01
3.230859868965358372e-01
-7.225999609208886287e-01
3.557847923216908015e-01
4.741179308471663578e-01
3.026745038774096841e-01
4.429888610574871932e-01
1.817159789441831208e-01
3.777619367656427363e-01
5.680523289515184704e-01
-5.829665833804984487e-01
-4.991286201593086447e-01
-2.136371302869822797e-01
4.735440221448319331e-01
4.228621400170960443e-01
7.467538520331270524e-01
3.035014403924524151e-02
6.390971534708336788e-02
-5.229511013992024226e-01
-4.215332535468406250e-01
5.173189237550761543e-01
3.922886633619684926e-02
-3.332674307495543942e-01
-2.321542120833574585e-01
7.776105045650275049e-02
-2.978546249350852437e-01
-6.562375857521061950e-02
1.806238022328864323e-01
1.207881719336468124e-01
1.056439311771630377e-02
4.481581682613842710e-01
4.778152765503302368e-01
2.808275065201600723e-02
-4.086747491717129255e-01
-2.286281074612110109e-01
3.220706264214632242e-01
-2.425803481323706989e-01
3.966699314275221044e-02
-2.311779386241081258e-01
4.868650071235511301e-01
-1.506219060267354748e-01
9.739765423492355301e-02
2.723379872987002348e-01
2.438577003441317059e-01
2.407115491898212944e-01
2.559443469823964867e-01
2.691551512599583695e-01
-7.734897591809053452e-01
-3.493676510149116288e-01
4.389495587490574446e-01
-2.288401971705416871e-01
3.807859523471786578e-01
-7.205178516003776790e-02
9.962286985850375698e-02
1.992428392430482809e-01
4.248409424405651391e-01
-3.843263863067743480e-01
5.219034333949001958e-01
-2.244057485520107309e-01
9.536867323474806923e-03
7.841363457283354599e-01
1.461092690432406194e-01
4.911920616303872555e-01
-3.447739470393748618e-01
1.045336278529266916e-01
-2.655011344645681615e-02
2.944623884032859795e-02
-3.186426726240580987e-01
-2.319108745689078127e-02
-6.150950384685442973e-01
-4.708104629975843891e-01
1.549791060094155848e-01
2.720635539037052353e-01
