4.121640908086378341e-02
4.447928002456073004e-01
-4.157632996645622969e-02
-2.348545038034990651e-01
-2.955292314568768175e-01
1.844910419027548099e-01
1.979967937539672818e-02
-6.457167867537648709e-01
-3.734717637148643465e-01
6.784484266024284893e-02
1.326975578118970156e-01
-2.502269971805387572e-01
-7.482185651725699327e-02
4.642711759892232948e-01
-3.314272935862797587e-01
-4.689723842812085763e-01
1.746359893574502276e-01
-3.525588994202225601e-01
2.419848821392258376e-01
5.172338355258052078e-02
5.077728615376563281e-01
3.257796781281925846e-01
-2.395824660946385687e-03
-3.040096659716370886e-01
-3.169697994731818791e-01
-8.938770017606123552e-01
-9.776710000608215267e-01
-4.065960505098831224e-01
7.899582538743857851e-01
-7.120391202916986906e-01
-1.773581935723466674e-01
8.413187619278754692e-01
-2.936171789862502823e-01
8.472707076427477002e-01
7.634103894995912798e-01
-2.282659380813018002e-01
6.864632658044277080e-02
-4.364876381832241692e-02
-1.634543636766630226e-01
7.916629197588569422e-01
-6.428811690230437081e-01
-7.944306749460959549e-02
-5.301665445819611078e-01
-1.330215828793505917e-01
2.662104897519712576e-01
-5.489056249194406156e-01
8.768163644022856085e-01
-7.778425242172085641e-01
-5.786639398022051101e-02
7.789227051371070409e-01
-7.973666725385081255e-02
2.188061958303680055e-01
6.520832573121523312e-01
6.620051395729690258e-01
9.190838556689800987e-02
-5.637495204894680256e-01
5.492178412310423363e-01
3.137973847501790980e-01
-7.343146158859613637e-01
7.008181239516262373e-01
-3.092310786370823794e-01
4.250918715363075640e-01
-4.414851216258914302e-01
-3.278618456211768728e-01
6.561744999311606152e-01
-2.925900156698150179e-01
-5.487148905551608724e-01
-7.754277803360341004e-01
4.849361636269468590e-01
1.000000000000000000e+00
3.592292053815190345e-01
-4.149111713769774168e-01
6.846338801348987868e-01
5.171103042523490512e-01
-4.132933710530350413e-01
6.863960814441213421e-01
1.000000000000000000e+00
-7.037294480248363904e-01
-4.454722268336296365e-01
-5.588471825388477976e-01
-9.440905219953747984e-01
-5.891612031538531191e-01
4.100751549949869235e-01
-4.018239381218444706e-01
-4.839690032653575225e-01
-7.348487858940502271e-01
1.914457557192464354e-02
-2.253142434354312162e-01
-9.320615805559404055e-02
-4.381767010842397836e-01
4.330032944771852188e-01
5.275494148228069280e-01
-7.955880981721371592e-01
1.595326852574681653e-01
-5.753703788917878537e-02
5.342822791466550481e-01
-1.349014237704310448e-01
-4.475620351439666411e-01
7.420918052542334609e-01
-2.882898381508478547e-01
-5.812726562191421475e-01
1.759642679084887362e-01
-4.230296386420609456e-01
-8.412593214640100292e-02
-7.916797715632362120e-02
-1.103990758909167980e-01
-8.980740363583041008e-02
6.535629587412842278e-01
-3.986180178901890248e-01
1.924226640871418148e-01
6.198709267774719089e-01
5.518406551392607273e-01
-3.925797590427583250e-01
2.025390427646296676e-01
-1.310623235405415365e-01
-5.192337247251023191e-01
-4.633559717775819764e-01
1.969090916833759336e-02
2.966079709442817278e-02
4.324607238457701675e-01
4.759545881894334252e-01
4.173392372640652992e-01
-2.234018765184604960e-01
-4.310322487902562005e-01
-2.040609920039863079e-01
-5.419322768908788612e-01
-5.996953299542805427e-01
1.018014376572888430e-01
7.776453379074657613e-02
1.225848695553170553e-01
-4.832782724966753207e-01
1.418157449736960340e-01
-6.365743722378948144e-01
7.639837068751412219e-02
1.900293035220580740e-01
1.307881857095775646e-01
2.584217647127386858e-02
2.121730663614237733e-01
-1.185002742920689967e-01
-2.662797032025638888e-01
-4.420774639948513718e-01
4.560901955169558430e-01
3.839805225012024037e-01
2.503408492218349157e-01
-1.305882558459343645e-01
-1.270893135743778879e-01
-4.470870229540401808e-01
2.215840113222964508e-02
1.590931478317228476e-01
9.941380539421783291e-02
1.858922628656099751e-01
-4.449515417143223850e-01
-1.055298321394698702e-01
2.358195228193971094e-01
-3.296396225385920808e-01
-9.970882525244895156e-02
1.490251921844457372e-01
-4.708050330154993079e-01
6.340378331880214269e-01
-1.646632945593303962e-02
-1.517293162808151796e-03
3.348236487846617537e-02
5.055103883325966496e-01
3.130634796259346153e-01
-6.593301353571807688e-01
-4.045690270847496772e-01
1.389030905031559682e-01
-1.044702247944584161e-01
-3.372956441759419333e-01
3.061211989013704060e-01
-1.446093043466172012e-02
3.089549710304797525e-01
-8.726147566662874056e-01
-5.453749069175839459e-01
-1.983157062669815146e-02
9.215319673362300235e-02
-2.379359131183935161e-01
5.578337959189056949e-01
-3.422506447401058027e-02
2.514771925921812090e-01
1.291632488195715855e-01
-1.395325664243941555e-01
6.096131879924402731e-03
-5.749855387598704626e-01
-2.428120270262153213e-02
-3.053886077747534553e-02
-1.145566521142732108e-01
-1.852899865305803959e-02
2.769967208329791042e-01
-5.915692917003108064e-01
-1.574275996934209887e-01
-2.745434637182505022e-01
8.597981260029123884e-01
4.860694034270092168e-01
2.087439267489810818e-02
-1.634025307864863386e-01
-3.665836155871264879e-01
8.401739522102948943e-01
7.114336235843340406e-01
-4.038397205003088630e-01
-6.473784307440452190e-01
-2.345545587773351648e-01
2.684900834897814559e-02
6.162273559378010634e-02
1.578182775289018458e-01
-5.877536483086173158e-01
1.757309593768324740e-01
6.231743874640728320e-01
1.788092836510712380e-01
4.094438487519413417e-01
5.646680987735772650e-01
4.141664409814055925e-01
-2.668290242441121451e-01
6.093589540986897868e-01
3.964991415695747756e-01
-1.709450751879122432e-01
-1.242608483419576360e-01
-9.011192880930034288e-02
-2.858765294425896220e-01
-4.481920334554311824e-01
-5.307339868792545490e-01
-3.967576456801508167e-01
-4.195219709562927890e-01
5.906866759388025578e-02
-2.350383449219294041e-01
-2.084981042453073474e-01
-9.265204460154744526e-01
-2.429196794003366522e-01
-3.544474023441160915e-01
-9.044109727084654882e-01
-6.804661739142617849e-01
3.396525803282368083e-01
-2.775439323828425287e-01
6.786148417802608801e-01
8.678613111802757629e-02
4.836110450260805438e-03
4.228581539395352695e-02
-1.214229603852620409e-01
2.456872045243546077e-01
-1.111542767873488213e-01
-2.902001714381416964e-01
-7.336037508248658412e-01
2.227016010851742833e-01
6.132600277843098802e-01
-4.015258987968896576e-01
-5.212042484449724844e-01
-3.630952210968191873e-01
3.051175278718128991e-01
-3.616400520039509958e-01
6.444152985639134412e-01
5.079309960084480435e-01
-7.096870528033415448e-01
3.115685678069576303e-01
-2.825398330581175843e-01
7.299631681229666880e-01
-6.351491411540323151e-01
4.380857030800555663e-01
3.200725255298658145e-01
2.140020569492925850e-01
7.659630196211292263e-01
-1.595703712716863010e-01
-5.806169155657676939e-02
1.000000000000000000e+00
-8.298081723693835621e-02
-2.718955311523962304e-01
