-1.889366395391753606e-01
5.535881620759350863e-01
5.359965432863784685e-01
2.581763025776314530e-02
-2.025723659854290482e-01
-7.493837815267349878e-02
-1.769196258154973750e-03
4.012672637983586421e-01
6.404264488308095138e-02
6.349382167860262438e-01
2.592458318299099007e-01
-2.818182360117278407e-01
5.534904471655818781e-02
5.383665552842609170e-01
2.623764474907986366e-01
3.153645395077426805e-01
-3.186662986319405144e-02
-5.328762965594529000e-01
7.187748872942031908e-02
-2.528175280069253072e-01
1.261084754826578835e-03
4.905382291304768994e-01
-2.570535438574373943e-01
-2.272436077482112016e-01
-5.800648695301282576e-01
-6.521802882930325396e-01
-5.308959574621348043e-01
-1.084861254618297577e-01
1.530710283592966736e-01
6.923576570613481085e-01
2.287633194479582466e-02
-1.012166206811297153e-01
1.021812139543906983e-01
3.280335956730396352e-01
3.407567214142995238e-01
-1.918005450471821915e-01
-2.786751437481323479e-01
4.482997540681359916e-01
-2.485721084856987173e-01
2.555861082950039442e-01
-1.633585828404221785e-01
7.732942007499811476e-02
-3.698431127060972795e-02
7.833784937146903715e-01
1.171285351797789025e-02
3.156022581711050434e-01
-6.564990238054491112e-02
-5.613901603861778944e-02
3.016051918674934607e-01
-2.386591838914881025e-01
5.485905807696317416e-01
3.838858344756973517e-01
6.991999511572287718e-01
5.940616794404832701e-01
5.926721597780317818e-01
-3.894050438397886893e-01
-4.096155117473221918e-01
4.696619925100437021e-01
5.275723067918424158e-01
-5.651291257822171898e-01
2.749371685772885113e-02
7.876336563326602480e-01
1.139611718933051659e-01
-3.717970674295205114e-01
1.755525951729036693e-01
-3.649865716175597075e-01
6.107999261432657256e-01
1.442395673712668080e-01
-3.132999827080020228e-01
-2.559350444392323176e-01
-1.526538438035890122e-01
2.749069681507035900e-01
4.021417568981081221e-03
-7.550780081046978842e-02
-2.312684746631620825e-01
-6.607964588073392265e-02
-2.005506907221277224e-01
-5.379246435919560199e-01
-4.280985431370400995e-01
1.044451467323503357e-01
8.623621473602394172e-02
-7.936889204348720472e-01
-7.210523471816565610e-02
3.986342951527652168e-02
-8.804412283381385373e-01
1.043417325883145008e-01
4.808466556122497071e-01
-4.920428340804614553e-01
-2.239288697448464927e-01
-5.892175842564716104e-02
3.967369186122517155e-02
1.495046224118579958e-01
-3.154524621145237129e-01
-8.979613254181318949e-01
3.119788274396128602e-01
6.402399331888368739e-01
-2.692576278875359608e-02
-3.095378739452771533e-01
2.633018297681145037e-01
2.352189969022396576e-01
-3.496673760742429193e-01
2.105766119990698515e-02
1.258462237143169807e-02
4.988267996055134046e-01
-7.330051504566277298e-01
4.561929423199065914e-01
4.240304847082387862e-01
5.800804503728272943e-01
-1.596220856257628273e-01
3.013045715826137005e-01
-8.610774970325314470e-01
4.432629622956567039e-01
-6.900407983926354349e-01
8.043682507303295814e-01
1.730055180144893512e-01
4.120144015495341705e-01
4.923515018162049617e-01
5.873205813779434070e-01
3.418576885874766713e-01
4.208417736341941995e-02
-4.939969489809707404e-01
-6.176961416366500979e-01
1.183602164531503131e-01
2.232855026294735534e-01
4.914558769622096035e-01
-8.259113492445199212e-01
-3.916613196048226997e-02
6.763120404128893925e-01
-2.974415951190086393e-01
-1.586638252183890652e-01
-9.753185756711799104e-02
-1.975618327245583228e-02
-6.066676228916308977e-01
-2.824505708372830881e-01
-2.055310398340892686e-01
-1.905221748695886952e-01
5.019050968401049806e-01
2.581348092214348910e-01
-1.924698947206809063e-01
-2.561685818774783185e-01
-1.427536816564523303e-01
-3.587129353397251474e-01
1.716851528080974854e-01
2.790208837964995303e-01
-5.056195837591005715e-02
-7.927730334851107452e-01
-2.504180372097800644e-01
1.979962883501344417e-01
1.402488594307562397e-01
1.779198838179272546e-01
3.215180862520308769e-01
-4.967052570112738541e-02
9.119910338344792977e-02
-4.840703218832201338e-02
-1.828818928558176640e-02
-4.974535104850529854e-01
5.222163072916073956e-01
2.659874327373805136e-01
-6.743490963169387342e-01
-2.686818711205834487e-01
-1.850852094530096026e-01
2.325816151414466793e-01
-1.522984742522784929e-01
3.337200621023235780e-01
7.152657921777239025e-02
-6.781007477648395843e-02
-2.083509642079489355e-01
-6.750791417843500231e-01
-7.438272276738789879e-01
-9.711829501994437286e-03
-7.225538011016013895e-02
5.820499029920261913e-01
-5.731722482197090240e-01
-3.578546108942427528e-01
-7.246827335834206407e-02
-1.637960355475496510e-01
1.722144283438328261e-01
7.308195484775409367e-01
1.407900992714831989e-01
2.184330709239222790e-01
1.301030578985581387e-01
-2.810816799100774865e-01
2.512784085626635910e-01
-5.677537268843059481e-02
-1.431142590423432337e-01
-7.225335330301828340e-02
-2.744705269188821850e-01
-7.200595404550931555e-03
-6.250884518562584979e-01
-2.672227464597683455e-01
3.321225413160903139e-01
2.182281371660765856e-02
9.878337933049476105e-02
4.252716157807172048e-01
-2.262817493949776937e-01
2.655547094694414856e-01
-1.055849895171134256e-01
-6.229401276756314776e-02
-3.912945714987082768e-01
3.433861414004777401e-01
3.461825479464384347e-01
-1.862985000673384461e-01
2.710709507855958433e-01
-7.672552780381530768e-01
2.612228018010130937e-01
6.140170716884033597e-01
4.373278484418668260e-02
2.669845631394589525e-01
3.196982927306296629e-01
-7.697419155824919423e-01
-4.342811794259107128e-01
1.368865327897526296e-01
4.828531195735028675e-02
-1.689322982504747883e-01
-1.618277200975107855e-01
-3.430224279165816625e-01
-3.440076777130285368e-01
6.129453631489951704e-01
-3.595258942785216072e-01
-1.637881292528092503e-01
-2.763971754469978226e-01
-6.641814135774955219e-02
7.106579325883468634e-01
-4.346872252694469196e-01
-1.765897661572441157e-01
-1.997352677740013016e-01
-4.228567682683707640e-01
-3.164583789225902111e-01
3.569158160295483606e-01
9.727660116896727494e-03
-3.453206606500591747e-01
2.330328088004208209e-01
2.808263077701489974e-01
2.050171242901565050e-01
7.554762256776323959e-01
3.480057224047328202e-01
-2.855361688546217414e-01
-2.068348912165715245e-02
-1.603104220555455206e-01
-1.603712907192641757e-01
-1.855583192022192129e-02
1.830686495079179854e-02
2.226592953224090232e-01
5.950605012628593649e-01
-1.346806226687015662e-01
1.347333984745106295e-01
3.846806063132522935e-01
4.698063955515527912e-01
6.832611589629665472e-02
-4.334639483411543981e-02
4.902225126051038551e-01
-1.516190631680595369e-01
-8.552268120671189244e-01
6.919309923318777145e-01
-2.695753885573732092e-02
9.395675502990520622e-02
-6.400791985815662555e-01
-4.598747628830938128e-01
-4.996392402193962079e-01
-4.399158030060651425e-01
-3.983584252681126037e-01
9.989932164657261415e-02
3.508015840182325817e-01
1.418793172899696919e-01
4.864180066984085671e-01
