4.660737247001992545e-01
5.278661681319349874e-01
5.828046367838801700e-01
-2.859435314121097083e-01
-2.310230617749745585e-01
1.643061681788707262e-02
-1.528008584831263561e-01
-2.092141184498512163e-01
-5.713650321134331467e-01
-9.745789357737114078e-02
2.687176194149462072e-01
-3.181723665567737780e-01
7.392414033449107302e-02
-7.227429044070384778e-01
-5.140685925093354536e-01
-6.415346126219832745e-02
1.290816632755666660e-01
2.175951908867936324e-01
-3.320705938489611209e-02
-2.322927163381943716e-01
1.572723279268384566e-01
-2.514627523667026798e-01
-3.429198589784576146e-01
-3.328038692901560958e-03
8.480413194632310803e-02
-7.246824289659772322e-01
-1.394813170462773089e-01
4.971503851753086844e-02
4.469613413226927179e-01
-1.197495497174172197e-01
-1.338638007583872191e-01
4.214196900784165090e-01
3.138467529023290792e-02
-4.976755048709256141e-02
3.669626228588516170e-01
3.168218557390879708e-02
6.935382618996477344e-01
-4.200666278281108834e-01
4.460743839807016498e-01
-6.929124297833993973e-02
-4.429944413220703314e-01
1.140860069672843674e-01
-1.656809372504042810e-01
3.143398091050627063e-01
1.270492694168115222e-01
-9.299081789047655144e-01
2.553965375268104077e-01
-1.338069020628507022e-01
-3.897487863095800420e-01
1.700368577568837636e-01
-2.143142131762164615e-01
2.018833086204344929e-01
5.212135106207005375e-02
-9.158676597000955932e-02
-7.242778069499584692e-01
-3.053038440644401108e-01
-4.662648030823515199e-01
8.580253249490492617e-01
-1.343915015569667470e-01
3.603326831134000541e-01
-1.052573214382133623e-02
-5.888315719349723754e-02
-3.519206220257595219e-01
4.470491266137933128e-01
4.824799417156447334e-02
6.983501316044543605e-02
4.632073294808423947e-02
-1.305074257151443984e-01
-3.197335569623718787e-01
-1.732642148215618461e-01
-9.023321727148332361e-01
7.546411678193795658e-02
-5.285886707554713349e-01
-6.128051606988466071e-01
4.448330535184452650e-01
-1.799068752032728924e-01
-1.065077274505793481e-01
-2.328211349655812112e-01
4.501541663052584588e-03
-1.534970593501454039e-01
3.982163585329407951e-01
2.667095953386875440e-01
-3.108797896302586405e-01
-3.752274750969301076e-01
1.816833516220564826e-01
2.098441943636577822e-01
-6.901729944385153193e-01
5.172317174738514517e-03
-2.584636274433075864e-01
-9.182460429546816794e-02
5.132701667875174678e-01
-6.104943564573604015e-02
-2.788270321275234109e-01
-5.885376825328380024e-01
6.211077927039608815e-01
-1.198690604597890813e-01
3.190859293169771571e-01
-3.555999362350158455e-01
-2.447905618619594659e-01
-2.509446972961335010e-01
1.674779087419184243e-01
8.386059245471949586e-03
-9.391448049816678578e-01
3.835956284265198968e-02
-4.635974297027731228e-01
-3.522954625680316809e-01
6.779132127196411117e-01
-4.196366440370985496e-01
2.668309882621021645e-01
4.301206280966127227e-01
-8.989794172718416077e-01
-1.563496950072073843e-01
2.129336038236648299e-01
3.747995056789101831e-01
4.084824228298078452e-01
-5.692227348326095449e-02
1.246747271105502070e-01
-2.912043177666687188e-01
4.074055998999580597e-01
-1.543781559634777589e-01
5.071204380291810532e-01
-2.094489897967353187e-01
4.678741255189299841e-01
-9.080632528113226076e-01
-1.009083662192276909e-01
-4.180499448847712074e-01
-6.612411381519579523e-01
-2.789474670194732053e-01
-3.543589641342667074e-01
1.718178351369196999e-01
7.337573567843698186e-01
-3.760316788210587013e-01
-3.187431094082951999e-01
1.948173739026959894e-01
-6.647445318107911283e-02
1.972213819559489045e-01
5.669996888729630369e-01
-1.951827409266074231e-01
6.567375686983281113e-01
-2.053786523622078489e-02
2.592996203039723002e-01
5.191952966328905461e-01
-2.922667205671838353e-01
2.920637405269018161e-01
2.920318637916968774e-01
2.987519261544647753e-01
-5.316386938876854762e-01
-3.418837991529453668e-01
-2.943786732143046092e-01
-7.929509806997789290e-02
-3.447114631084526315e-01
-3.958785698491894545e-01
3.714961851616939426e-02
-2.973083822594144721e-01
4.034306036568541254e-01
3.583887116193948397e-02
-3.798268214846844265e-02
1.558116207134557091e-02
-9.086724381733246592e-02
5.551802375580054960e-01
6.566411260366380453e-01
1.990165676448421295e-01
1.812135193041722325e-01
-3.530065515411420218e-01
-5.359640392522907471e-01
3.570073772572081583e-01
-4.211235771907856362e-01
7.066953816462220317e-01
5.779354769243719714e-01
-3.368299008833450792e-01
-2.218786142220055546e-01
-2.120355780960563596e-01
-1.932534391524102363e-02
-6.590783166777378632e-01
-1.034436841807255536e-01
5.118123646769427992e-01
5.601003272450220949e-02
3.863016409287075570e-01
-7.029519212041357434e-02
-1.576977564302319279e-01
6.668208949043073763e-02
3.358261186651128050e-01
7.317683595954667108e-01
3.558620480610094061e-01
-5.787868716095358190e-02
1.604911000261997345e-01
-5.764681373920135243e-01
4.371890519364921568e-01
3.754720478406445849e-01
1.654916228484163143e-01
5.660039980114276448e-01
4.269873507547379266e-01
-7.397255137423133231e-01
-2.307380723162721359e-01
8.289506701189530702e-02
-1.692107307855163500e-01
-5.043536520650058197e-01
7.490319426591920959e-02
2.711466587582725407e-01
-5.978130170146331857e-01
4.816412216110809580e-02
1.013400898451606164e-01
-3.996617806420529329e-01
-3.666808442450693040e-01
7.506108616706169689e-02
4.597326888694925479e-02
-4.789340882412088107e-01
3.741194989600694076e-01
8.516272376678779565e-02
3.774814092987336389e-01
-7.170907923067350309e-02
-4.626421999374394911e-01
2.106965170080662975e-01
1.101994768671243907e-01
5.571526748361702586e-01
1.154169184783418595e-01
4.759537845052767002e-01
5.288749542920314628e-01
3.609297333548238118e-01
7.942952168117691780e-01
5.044941290875035178e-02
4.520031450870769518e-01
-1.573387871898744572e-01
2.332998981942417671e-01
1.253892708233716180e-01
5.398034998406446572e-02
-5.178434366799560262e-01
-4.401690824221984322e-01
-1.807157671457737536e-02
-5.069066216991366947e-01
-5.975142336482334171e-01
-7.469340671524231645e-01
-5.355650098676356663e-01
2.137122132349679460e-01
7.774172697007107613e-02
-1.331458842546802412e-01
-2.937403556335982380e-01
-2.515682989093735999e-01
8.203742572054772975e-01
3.800684960192259876e-01
2.720756501174758091e-01
1.104942102743711185e-01
-6.428497895944293439e-02
-2.687508578582503693e-01
-4.246108604431975131e-03
-3.721350812445335388e-01
-2.043790615434802893e-01
-5.361103185815035976e-01
2.726554859403754194e-01
4.017936801923911450e-01
-4.601841290791804373e-01
-2.998496715997250317e-01
5.831078456302130064e-01
-4.130982145914271486e-01
2.791890454957199896e-01
-2.096239309784748150e-01
4.351592272423359109e-01
4.449067621917894844e-01
-3.235035608906592364e-01
-7.637623286259115352e-01
3.031617604407323974e-01
-9.050806216584729447e-02
-2.815902780260255422e-01
-2.963849233949953366e-01
-4.231645724776876560e-02
