3.911239606902345289e-01
-4.142916517221846839e-01
-6.522772470035994585e-01
-1.460268704354058811e-01
5.475601600048329853e-01
1.077577662226976082e-03
3.565735188399040689e-01
-4.776266613718027076e-01
-7.630604247774042115e-01
1.205202962576562148e-01
-4.735513234047087905e-01
8.458484874520590946e-01
-2.427907487452721502e-01
5.702377908440532661e-02
2.627994388413477933e-02
6.484453338984901005e-02
-2.211745699536347698e-01
4.623745301372486627e-02
-3.625228109589384573e-01
-2.772045632304417362e-01
-2.130193223818128978e-01
-5.725474893202083804e-01
-2.568725465278504094e-01
4.287530165805824023e-01
-3.621831305199275652e-01
4.235527609510015279e-01
-4.467614385170200486e-01
2.490854756919837210e-02
3.944288174284107384e-01
-2.366454655935211204e-01
1.059895915437541747e-01
-2.392961504031119735e-01
1.547675386758142202e-01
2.427839712418806140e-01
-2.696110719029400360e-01
-5.608395419674093718e-01
-4.859859043575924797e-01
-1.864418112765932056e-01
4.967903236824792179e-01
-3.580122332899321469e-01
-2.467353239662548881e-01
-6.723386171699645697e-01
-1.094845578152329330e-01
6.999500785669615643e-02
-2.228630222206970934e-01
-3.949076441243410951e-01
4.437787516474198113e-01
3.922499607348838291e-01
2.180092093194123670e-01
-3.408432667086083723e-01
2.206211923508404060e-01
5.654496527204694312e-01
1.437267381402644872e-01
-2.110140254347055988e-01
4.124031136663326436e-01
5.461988121434081522e-01
1.626408912791105221e-01
-1.427484323264520960e-01
-3.370600694216835391e-01
-4.284454772064573147e-01
-2.607153969841402574e-01
4.809823944121071060e-01
1.469317259192068625e-01
-2.911461129509733126e-01
-1.105901229695182564e-01
1.679596580366934377e-01
1.939507939001772902e-02
-2.900855668891921813e-02
-7.762554082424921731e-02
1.785760733330196137e-01
7.741558786621087762e-01
-1.900807528027584903e-01
-2.560889086126065251e-01
1.023819084421051795e-01
-2.395522971178757621e-01
2.258558761678048921e-01
1.000000000000000000e+00
8.787032676022206445e-02
-1.888717392834730613e-01
4.904455566107252529e-01
2.637532344840503029e-01
5.546667236000082934e-02
-6.236367099421302393e-03
-3.869414925125006510e-01
-7.705954728002360754e-02
-4.213751414038712784e-01
-1.923569656655502863e-02
4.754282574652923254e-01
9.001058981711854701e-01
-1.972229473804505417e-01
2.949934467987788689e-01
6.303571749852145134e-02
-1.325765292138138263e-01
-9.631290109743011474e-01
7.325325367257995435e-02
1.266435279992430551e-01
-4.628924664509462827e-01
-7.507544304562759896e-01
1.193168898471010791e-02
1.348040452974704206e-01
-5.042575705370216932e-02
7.615761244276459951e-01
-7.195035702608300054e-01
-5.631160150961291855e-01
-5.026915335925696837e-01
-1.727863163116936385e-01
9.403328913390961163e-02
3.552763147546406097e-01
-9.350927319560123352e-03
-6.354986990670354885e-01
2.075631085277031829e-01
4.228199586672530819e-01
7.542559007653971970e-03
4.011248595234175318e-01
-1.425863419227239026e-01
-2.721662088841186877e-01
4.612496832455221796e-01
-1.818121305112777031e-01
2.336971838687445513e-01
5.271278591054885387e-01
6.425197240436592017e-01
7.218601756778760814e-01
-2.125596705819173260e-01
3.124102294086141818e-01
2.040854278224366047e-01
-4.657913276184842410e-01
-1.998402744263576003e-01
-2.055896886188930128e-01
1.768452956701904444e-01
2.190333363566446812e-01
-2.610738536867013848e-01
7.805321836728776885e-01
3.882977352462815279e-01
-2.775927466734871008e-01
-4.278238183897554170e-01
8.183363438071222448e-03
6.297863739827612717e-01
-4.313629071865041076e-01
7.406918065997779577e-01
1.771811373670623135e-01
-9.128302632732612776e-02
1.649330550201254519e-01
-1.152063880925556852e-02
9.466780320093429180e-02
-4.333752694787236237e-01
3.025167163604869369e-01
-6.021930882488315540e-01
-1.381105738995490606e-01
-2.925462232400350207e-02
2.412033511061614788e-01
-2.358456895320965030e-01
-8.037016383686788057e-01
4.325018206922795483e-02
5.388847339726826960e-03
1.770869887463856762e-01
-7.400486459424786556e-01
4.059581667716669062e-02
-6.556604618508390936e-02
-7.575362999216477267e-01
5.539575401397008880e-01
1.000000000000000000e+00
2.661297991093043991e-01
9.250948498096074335e-01
-2.008366810952703085e-01
1.670766951511312437e-01
1.779822898147416232e-01
3.470477951791703375e-01
-2.136336607973322171e-02
-4.357935431780251001e-01
2.537150434000375876e-01
-4.911009679516915027e-01
-4.684057272017326523e-02
-3.057797747097210639e-01
-5.294239671542956271e-01
-5.414241770710326307e-01
-2.851713828007143015e-01
1.014017306511781069e-01
1.249066554480826041e-01
-2.665156064895078947e-01
1.643382395243069699e-02
2.970797009307345193e-02
2.865024073131438101e-02
-3.773692969411075460e-01
-6.410851173713518758e-01
-1.181421621080046419e-01
6.045010533498723637e-01
-4.755790698659086990e-01
5.028023564969477666e-02
-8.518070501523659910e-02
-1.620506311345807360e-01
-2.980720981321515750e-01
-1.754373836390854535e-01
2.548829596052820667e-01
-4.856516353814881448e-01
-5.737748149640663486e-01
-7.312015713953251561e-02
2.256007916921257961e-01
-4.619946480856642057e-01
2.291847603340810280e-01
-7.505930920514858329e-01
3.210170960499434956e-01
-3.546769030211580076e-01
-5.720105748632621223e-01
-5.004508950354804586e-01
1.961120148379907613e-01
-4.969198261300208919e-01
4.906894822686382884e-01
-4.797558947649420251e-03
-7.028582089270482558e-02
-6.229293620017372080e-01
-2.983038370777404968e-02
-1.147815979685128385e-01
2.218509234937760255e-01
8.418984337107040528e-01
2.959447944063710034e-01
-2.133720032483384377e-01
9.549900768979568966e-01
9.535502788378825700e-01
-4.501158349222104116e-01
-4.191425981797826106e-01
-6.667421286151278270e-01
5.108670142977740358e-01
1.445737204685482447e-01
5.452375755240173039e-01
-1.193535529813083418e-01
4.138859105589555720e-01
1.562005234025905243e-01
-2.220525046243130574e-01
-8.122837616755443357e-02
4.498728985714699480e-01
4.919870186669847989e-01
-1.797591890088866828e-01
8.904824508286506013e-02
-4.908360244753493529e-01
-4.722991780434469822e-02
1.000000000000000000e+00
5.220227418573489819e-01
2.317726319683897918e-02
-4.492210752136306384e-01
1.450605441023419540e-01
8.104303379447614919e-01
-3.031097016317801374e-01
7.269382763940782088e-02
-5.416055378889139682e-01
3.567192866143047425e-01
-2.281602550012943875e-01
3.593831090721252286e-01
-1.820632208319223899e-01
3.887233509471456072e-01
-1.988148235462321167e-01
-6.269622943826377859e-02
-3.027971443290894960e-01
-7.101064076622932708e-01
-5.344089623454053584e-01
1.941440972516461361e-01
-6.071500867269172819e-01
1.962955389655105312e-02
-1.814731540935231591e-01
-3.008141426089570025e-01
6.007475306497843670e-01
5.421508698557244710e-01
-1.603401634566261058e-01
5.363516944376948148e-01
1.735192688413916828e-01
-6.796500901336617328e-01
