6.562711019464091411e-01
7.267002903060221231e-02
-2.859622755565994767e-01
7.237930997072419270e-01
-3.239561611801031193e-01
-5.715082916549506509e-01
3.291510175356732182e-01
3.686369717046020789e-01
8.024006750678158717e-02
-2.394976058782340989e-01
-4.052198613321271736e-01
1.901644493555854076e-01
3.210139441163689100e-01
3.461710151790016454e-02
1.906230866064130280e-01
-2.765256644863858249e-01
6.800725010818976513e-01
7.052745409698459866e-01
1.000000000000000000e+00
2.935449325293797498e-02
-2.739055092740723674e-01
4.468270326179195617e-01
3.126868368881878246e-01
-8.171935576520642508e-01
-1.085927771827814164e-01
-2.741174434289093687e-01
4.034283620183118368e-02
-7.879670661539479593e-01
-7.197130717320349147e-01
-2.165138290103086824e-02
-2.561214292117486302e-01
2.524922555673475011e-01
-4.171546554822019304e-01
1.104953459290399231e-01
7.202139891664449678e-01
-1.108858689435758549e-01
-2.695917147438525036e-02
-2.857399724680589892e-01
5.101629068869270589e-02
7.105745871303889571e-02
-3.738755145002868596e-02
-1.741604987864161513e-01
-9.861203310069505124e-02
-5.645134857384456195e-01
2.026154079062676694e-01
-1.629758409667428354e-01
-1.617070679819063717e-01
1.592840972272612232e-01
-4.710334825786886004e-01
5.432064693312155246e-01
1.767715452521645692e-01
-3.978510534684873146e-02
2.922932342151301488e-01
9.886757183197748544e-01
-5.092517804803817771e-01
4.561751927747673685e-01
-2.672174150539253779e-01
8.943081686783053985e-02
1.901835111352687124e-01
2.617952223993558758e-01
2.607617333128391390e-01
-2.423660903094363994e-01
-3.416579919123041709e-01
-5.165455008068728926e-01
-1.403959281667754300e-01
2.261119066934510757e-01
-2.807380938994149533e-01
-3.850686997085991381e-01
-6.903690632719745590e-01
1.620254146562652986e-01
-1.988934346897962557e-01
2.829502199460939837e-01
-4.744152594528998623e-01
-2.765917119225232423e-01
-6.240112754173317011e-01
3.058358865286359141e-01
-5.495126721025566097e-01
3.478553118701659397e-01
1.487683863287503350e-01
-2.500290673303836031e-01
7.558838613955486396e-01
-5.321014815774102180e-01
-2.234821242452968704e-01
-5.691010202363172565e-01
7.111188205755525349e-01
4.419732723672246122e-01
-3.412426558721419756e-01
-2.419459705580613296e-01
-7.410102445254616033e-01
-1.404527106469386499e-01
2.218432324764864350e-02
-4.190649347907842576e-02
3.579965181246195782e-01
-7.129129877299664186e-02
1.156973701075370425e-01
-2.654220861175184965e-01
-1.910462226633189986e-01
1.218437675447293922e-01
-5.467690181102056179e-01
3.160575280738060489e-01
-1.594368910412245210e-01
2.419031715798604931e-01
1.090088645410816903e-01
-5.424888065305429885e-01
3.062325860979129288e-01
-1.490988928167764349e-01
-1.140923339967792466e-01
-5.888356842536978109e-01
-8.817932299667405327e-02
8.481613747634731970e-01
1.879380695063647411e-01
-2.869917422193629664e-01
5.839674660676937856e-01
5.420937322857555252e-01
-4.170461404301467057e-01
-6.895860920290656226e-01
-1.276878654725392415e-01
-4.930763861647050605e-01
-4.543849984627251759e-01
-2.447064446452251740e-01
-7.076650750663722178e-01
-3.372074643639669800e-01
3.629644882927958172e-01
-4.980428325626888308e-01
-2.399999217905629811e-01
-3.596454424391457017e-01
-2.021056237561520419e-01
-3.093186365280576888e-01
-6.776449659365138545e-02
-5.376950327239577582e-03
-4.722271923303654750e-01
-7.922188648513740494e-01
-2.595493309919861269e-01
3.318191851585688967e-01
7.225580921529274336e-01
2.569304134430508979e-01
-5.260861900361991639e-01
7.663946813367839700e-03
-2.985230608122260709e-01
-8.741446735464465656e-02
1.166869912522672248e-01
-4.426614483489864638e-01
7.464898946419504799e-01
-7.274659131878677965e-01
2.012620673906639346e-01
5.296950570849765505e-01
-8.107253112122371208e-01
2.667677271643678627e-01
3.178954781855880540e-01
9.045956530464608347e-01
-3.238217990852307882e-01
2.728822515020086215e-01
1.160355405765498005e-01
6.769231438189499128e-01
1.863520064416388511e-01
1.726174473334224913e-01
1.623132283741242632e-01
-2.844679985917177856e-01
8.666544294232753076e-02
2.349363333383369945e-01
5.126665993042239799e-01
-1.881310007956509267e-01
-2.488558911773070814e-01
5.150792693846260040e-01
3.829510268787720828e-01
-3.803790940268951259e-01
8.971943561677715728e-02
-1.319363023969098159e-01
5.148762635400007115e-01
2.196401808721314963e-01
-4.920690230390880604e-01
-1.267282009034694235e-01
-6.878150886153508448e-02
-1.949602014092809699e-01
-8.073126494316231749e-01
5.076693343994892471e-01
5.556723513657014779e-01
-2.008416834362213577e-01
1.515691228852737160e-01
1.414853108047162689e-01
5.490937252793521850e-01
-3.083500170770618887e-01
4.913382615394440434e-01
-3.404422172943927932e-02
-4.221638455538081480e-01
-6.152348414087065176e-03
-6.803773164474721247e-01
3.446477560998357226e-01
-5.742108603823210811e-02
-6.099624725983716633e-01
9.490705135988000696e-03
9.576996643989370561e-01
3.101679122947538780e-01
-4.854298937063246111e-01
7.621680637847252360e-01
8.519590771168145116e-01
3.284090217586395077e-01
7.955609141147883534e-01
4.077836974217460830e-01
7.700741682525337473e-02
-5.029827208240631592e-02
-4.436615843023552497e-01
6.392509556000058879e-01
-1.075730573157435699e-01
-2.070790886705272393e-01
-1.433084451317625796e-01
-3.947678164069877704e-01
-3.597255736757105637e-01
-5.216609527879096930e-01
6.111123413925031445e-01
8.161214118600065848e-02
-8.924924825913632676e-02
5.452828154180279219e-01
4.264484518372937405e-01
1.232954340902576856e-01
7.369137143971976611e-01
-7.069324834291931259e-01
2.405484285624169827e-01
-6.013730603797839969e-01
-5.922976813629678983e-01
-3.193559799125067489e-01
1.179815458157839336e-01
-2.984353933526584512e-01
1.175931611524356768e-01
1.486928965804137914e-01
-2.399525258121203708e-01
9.649910077525558627e-02
3.043413308759372327e-01
1.389713359565909190e-01
1.727514450032361093e-01
-7.665278985611363449e-01
-9.760418109012791721e-01
-3.376185600860078795e-01
7.720809679525661995e-01
-1.055188314893194118e-01
-7.753251012819905030e-01
5.606672725265667845e-01
8.482338661477742958e-01
6.207309008969248421e-01
2.429367901173722921e-01
-4.229670151929281752e-01
1.244517120313214931e-01
-7.886920692306652325e-02
5.526030859338573187e-01
4.271120461259080847e-01
6.454232289061161421e-01
-1.769538150237351393e-01
-3.675004061265734201e-01
9.986867319702106283e-01
-2.334706280775670495e-01
1.937237150750102388e-01
-1.148478457713951323e-01
-8.089987741668492882e-01
-1.401759335845736976e-01
4.603806032014563510e-01
8.029171965894978946e-01
-2.560741117566567304e-02
7.194545076645270099e-01
1.564936502206096258e-01
4.045346837486794578e-01
-2.357565377514600491e-01
1.782109229884281942e-01
2.024230232356349912e-02
-7.695610018325461654e-01
7.003992156776357447e-01
