6.344699227435837141e-01
-4.009468000995629611e-01
6.492712465676460099e-01
1.634226235304501729e-01
2.089732436049993869e-01
3.362618557442911271e-01
-3.863818351119866490e-01
4.700352593217619335e-01
-5.165338217573919311e-01
-5.232864936156782498e-01
6.231683660849174355e-01
1.061137636353737257e-02
1.625276455761199418e-02
-2.775894016989529645e-01
-1.571358396064106988e-02
3.383753119368753115e-01
1.160170316428800474e-01
4.395095975995602089e-01
6.503040426087737247e-01
-1.072264117586989307e-01
1.944182170625821660e-01
-4.084209880048825791e-01
-1.569995690121341325e-01
-5.809866178447213869e-01
7.120682730446245001e-01
3.712061466486838990e-01
3.046156849240448938e-01
5.275312498456762311e-01
3.961196340946824268e-01
-6.992032687017210590e-02
-3.182531018469988426e-01
5.502680130131830660e-01
-2.077929589543526245e-01
4.722773251831421382e-01
4.317887477016648656e-01
8.006353104152010847e-01
1.299419235377982651e-01
-7.057600401868093787e-01
6.798117294150098910e-01
5.110880214685069589e-01
-5.310171044245918237e-01
6.340871934892045036e-01
2.628724058826487631e-01
-3.673902244878193279e-01
8.335625293973691896e-04
6.464067831017062948e-01
-7.996298095754567070e-02
8.132781465112237651e-02
1.974712733911443419e-01
7.675588370646668768e-02
1.148519525987768686e-01
-4.357996080395274974e-01
-2.973762489609371729e-01
-7.770321787548817305e-01
-4.374146253944297125e-02
3.536906422712940978e-01
-1.310864385019755718e-01
2.399809338154801075e-01
2.294075437606191148e-01
1.966854852058462777e-01
9.147413068602876507e-01
4.621754943443244779e-01
8.576466919144205558e-01
2.411520640101717239e-01
-3.530513370110350824e-01
3.144512388273915660e-01
2.290413288263071501e-01
-4.917668256509331037e-01
-1.776797726739909045e-01
5.152945553615155827e-01
6.145725756525022287e-01
-1.451297167328530202e-01
3.942961116851685932e-01
2.555318023009371942e-01
3.841664358013742175e-01
2.901632221966515268e-01
-4.008486423547117927e-01
-2.853845036801363477e-01
-8.627218912848319543e-02
3.247719836915949343e-01
4.777564302132088214e-02
7.485403306988447358e-01
6.707193283281738250e-01
4.791093957020262084e-01
-1.655387740160967069e-01
6.814500442142965575e-01
-4.866964151571984143e-02
-1.979872392669965453e-01
5.877579151723469897e-01
-5.573577099429345427e-01
6.376486929623257360e-01
-5.983110736934300622e-01
8.888025976761952940e-01
-4.085506760544623250e-01
-5.868629667947008466e-01
3.168369734671647731e-01
6.674599107796793662e-01
1.813517996015494294e-01
2.817262691180719147e-02
4.393389425742057208e-03
-4.455094792609155530e-01
-6.557008672267164995e-01
-3.873863011398422374e-01
-1.000000000000000000e+00
1.134046117136842113e-01
-3.895952498063707248e-01
5.130253546072351956e-01
9.880378146379914517e-02
7.447314143892115323e-01
-4.402179354021609203e-01
4.960499647465563267e-01
-3.686819142114516890e-01
-4.534205279678997780e-01
-1.235098435007440515e-01
-4.850224985475294348e-01
8.492262644366068702e-01
-2.766092383150309808e-01
-2.367992761395051604e-01
6.226776275521397341e-01
-9.127577131237749053e-02
-4.025341349953592829e-01
5.622325829429593025e-01
-6.100018631988859408e-01
3.189503085486427025e-01
3.472571813875692248e-01
-6.153897120716675939e-01
2.584265435851064718e-01
1.306091517452894757e-01
-5.534927550484080028e-01
-8.567734721484610017e-02
3.086857178970982551e-01
-4.975970840378762805e-01
-8.608028977329582609e-01
6.793416041087393387e-01
6.822106258335537410e-01
1.244321001345001648e-01
1.117494349114293989e-01
1.091359029869692354e-01
-5.429660615712647576e-02
2.343331624050555284e-01
1.718112672624091120e-01
3.534439006783427484e-01
2.777663496452343894e-01
-2.501798231376161086e-01
9.245878433341556679e-01
-1.377460472342987019e-01
5.535765477036163063e-01
-2.715650368623413469e-01
2.930252137721773426e-02
-1.687196704941296699e-01
-5.130334249375941846e-01
2.896245103793761988e-01
2.890649527421591536e-01
6.989974091136793577e-01
6.998609017427688261e-01
8.584071053516537653e-01
4.940003802552370704e-01
-6.086311983057013375e-02
-2.367283956275093026e-01
3.178474645471821014e-01
3.742098701915911874e-01
-7.653064360125556853e-02
2.926312526782367529e-01
-6.269305878959409162e-01
-2.124422560513664626e-01
-1.208330238869410878e-01
-2.517924319630868157e-01
8.427522294887959675e-02
6.112493023110790458e-02
-3.761167620919895205e-01
1.887928386398690372e-01
1.305796417501412787e-01
-3.077962169133392489e-01
-6.610010077037982157e-01
-2.990713969062865907e-01
-5.120319124448253767e-01
1.281353068957238189e-02
-8.547113673990729410e-01
-3.456949179818025741e-01
-3.665215151925511616e-01
-2.517824933612096139e-01
-3.305398040202937038e-01
1.716398561243845933e-01
4.046726684116778161e-01
-5.110933895383457104e-01
-2.834702099409982523e-01
1.428082544734880499e-01
1.089495079881322853e-01
2.319002659043326031e-01
7.672077297880509905e-02
6.330088412038665791e-01
6.169226787561796765e-01
-4.817581772469078372e-01
9.071113565008268598e-01
-5.727480609385210419e-01
-1.996428962421137321e-01
1.584605434435840121e-01
4.929869686565742093e-01
-2.433296504086546741e-01
-1.479721252963011047e-01
2.087254113153878543e-01
1.802008017635427228e-01
-2.396838163973189495e-01
4.352865139002646266e-01
7.504277269284839180e-01
9.507303957329646393e-02
-6.057615836444057295e-02
-8.888543168934668337e-01
-6.896737588835102351e-01
-3.559199292335389342e-01
-1.619443932792576368e-01
-1.344992587724194548e-02
-2.930152743482657418e-01
-8.050714516159518386e-02
-2.277316655346267038e-01
6.625365221299530649e-01
1.391337516175281119e-02
-7.174762874291116255e-01
6.167327917175611240e-01
1.348028059006812496e-01
-3.066137255467342726e-01
-5.002192253126855337e-02
-8.540596978726870681e-02
1.552067766316982678e-01
3.526688448028743039e-01
-4.958717164142527611e-01
2.427148675299437564e-01
3.603747272905638566e-01
-3.886163014748291733e-01
4.610981355968249429e-01
-4.147970681259847969e-02
4.189808170394702103e-01
2.345120271736268469e-01
3.818711555934898305e-01
5.757707177774969987e-01
-2.582597425424054127e-01
7.354315402055625062e-02
8.558602436309410422e-01
-4.691096128204298443e-01
-9.903212768404409672e-02
2.367001009002585588e-01
-1.283440861314301962e-01
-4.803432275042872068e-01
2.303651627632690158e-01
1.915002397365603293e-01
-4.923164001294705883e-01
-9.868875170157137555e-02
7.825982713193936346e-01
-3.726107296633531796e-01
3.253559152987177128e-01
1.676795396766571078e-01
-6.580354540995666524e-01
6.566930755063132841e-01
-2.881797874719602137e-02
7.208358164072287133e-02
1.947080889561972339e-01
6.041665667499702269e-02
-5.951359334432717585e-01
5.949603452220272315e-01
6.506426292184794846e-01
1.617826629908480918e-01
4.328409606331344583e-02
-1.145240461792618042e-01
1.927758749847059694e-01
-2.939819407947875246e-02
