-1.133621884061528501e-01
-2.973684658652374635e-01
-8.073103822764729487e-04
-2.677576325056575390e-01
2.303882676350577086e-01
-1.815581929085217650e-01
1.509817136222616485e-01
2.839164398585519028e-02
2.872677502104431513e-01
-1.215381696042299869e-01
2.912482173506918404e-01
-2.014120639369958166e-02
6.078415574198098303e-02
-8.791710877777998701e-02
6.373237360695052089e-01
1.086654992342527271e-01
-2.894733232139555801e-01
9.743058592171265075e-02
2.031650857779881969e-02
-5.850688573293391648e-03
-9.471993511953072375e-02
-7.916438438458338611e-01
6.472719555282654968e-02
-3.616251979494916613e-02
1.622142712474571313e-01
-3.050981929496254449e-02
-5.338508245392563356e-02
1.256137173865485845e-01
8.563450882089192195e-02
4.849218829240036222e-01
3.408449372995255716e-02
3.379176144049039210e-01
2.782004731394694536e-02
-6.410725190038175647e-01
-2.688875191266852926e-01
9.165319876102548391e-02
-3.405014934301572316e-01
-4.848152492146711734e-01
-4.624415591340789167e-01
-4.958254643018930041e-01
-7.683440016980447318e-02
6.404490671598414564e-03
2.801351799451300417e-01
1.765437716849013461e-01
-8.653057893482368756e-02
-6.390097896416995216e-01
2.118881328065542191e-01
3.800662314370416572e-01
-3.339420625897021599e-01
-3.181173378521640616e-01
-4.463252164036035641e-01
2.928881551071562117e-01
3.866687615420798946e-02
8.872340936800696132e-02
3.015917409112896519e-01
-2.538768200305044909e-01
-3.647006240465373861e-02
2.952120745502465615e-01
-1.129412137389734228e-01
4.386869850784452241e-01
-1.822421627136657230e-01
7.310198846091591207e-01
9.822837912867513066e-02
9.693534896519361010e-02
-2.639288375967862033e-01
5.152821483422988236e-02
-3.655365720486442038e-01
-5.181704622730236819e-03
6.556506631964704734e-01
-1.675186758546480803e-01
1.165711000627197430e-01
3.780291335184854939e-01
-1.217003161128116517e-01
-2.003381294961728287e-01
1.274969184002944234e-01
-1.389535918626896294e-01
-4.948823775021524152e-01
2.574297016754770739e-01
-1.063324974793641853e-01
-2.228695862411089468e-01
2.133799443616277158e-01
2.736752379440622884e-01
-2.262038818932431972e-01
-1.631520537279156913e-01
-3.460046729983049518e-01
-1.924462222120671973e-01
-3.224105854591710618e-01
-8.925712549624964520e-01
4.178814422700340980e-01
4.684821381293835518e-03
-4.892207415486089783e-02
2.174396087356553209e-01
3.952563428814805935e-01
-2.472080581262929219e-02
-1.289539918067497404e-01
3.386445878609438687e-01
-3.128428705844038538e-03
-1.449350835504503165e-01
2.711046529384891213e-01
5.042247781892795766e-01
3.746315524133639330e-01
1.850122395694386024e-01
4.252735042092160578e-01
-9.561229526790371303e-02
-2.309141938338985234e-01
1.305545984135990656e-01
-3.492587599187730873e-01
-9.470081317784326269e-02
-1.017637465781400935e-01
3.967929038525029872e-01
3.178203106981484227e-01
2.431604308900799788e-02
-3.069622882652359164e-01
-1.054687568625319039e-01
3.375297543055213456e-01
9.183854541646757630e-02
8.408645981346829501e-02
3.774261868267452802e-01
-2.048676204571936166e-01
-3.419942568135372896e-01
1.901865934180049095e-02
-2.504868023901388185e-03
2.374641966987778574e-01
3.193059543994466454e-01
-1.533262674614857823e-01
3.291768277295379352e-01
-3.263394454132474976e-01
-2.041069201386849774e-02
5.034894838486263513e-01
-4.581520868181937489e-02
1.954159569353296558e-02
-2.517146618522509982e-01
-1.227264845941766491e-01
3.088561117879855544e-01
-2.696953002502598951e-01
2.179333321047086797e-02
-5.913743532683976567e-02
-4.321119751086005545e-01
-3.377436293454761929e-01
2.171530729211799127e-01
-1.787292676736981223e-01
2.706032486940801451e-01
-3.999677303110328874e-01
-6.099765133723479282e-01
-4.311559985076168222e-01
-7.638396115515367901e-01
2.863965067499254502e-01
-1.210823774401711961e-01
-2.351591893789775345e-01
1.133529346430492760e-02
-2.579454242511242112e-01
-4.099570165127325860e-01
2.574149486813359089e-01
3.875673944577898711e-01
-3.953059448140079368e-01
-7.384345200689497180e-01
-1.927161200315569978e-01
3.394282716139751521e-01
-4.563190473982374762e-01
1.856840134126591935e-01
-8.747864398779404971e-02
-2.531469713497761509e-01
2.562375588179421904e-01
-1.665515074980585819e-01
-3.646311479899982944e-01
-1.286659948595376413e-01
8.178130319588088060e-02
-2.642366375563559577e-04
-3.511651408530478413e-01
-4.270129068896867386e-01
-3.891913460292124594e-01
2.030648710130428802e-01
5.831361353374524548e-01
-1.704310861664941334e-02
1.319902541469548385e-01
-9.497275416335965170e-03
3.421893366193331509e-01
-2.078088339632769010e-01
-3.511239026202742641e-01
2.772855970831750172e-01
3.372227201716447853e-01
-3.386085195437777973e-01
4.994751118304667503e-02
-1.147727556015783468e-01
2.662797942660515005e-02
-3.758474872668310374e-01
2.086246513621635712e-01
-1.176819389024291729e-01
-9.071875031609867301e-01
-1.481842601539899024e-02
1.600599828001542622e-03
2.665584096691914762e-01
-3.853266929602788826e-01
-8.211154951274929337e-01
-1.440768336604165700e-01
3.205979033778061371e-01
4.503258718547536454e-01
-5.099055947731370164e-01
5.268257722559362977e-01
2.972258069016184834e-01
-1.472446118342710802e-02
-1.938068058227314025e-02
-4.694447431600984322e-02
-5.661432214214481284e-01
-1.913827859622712069e-01
-6.269378607221662292e-02
-2.210573911906069944e-01
2.234744152565805997e-01
9.107468526831197231e-02
-5.733654209509827515e-01
-1.634819496520625304e-01
3.522259709626202051e-01
5.227900977594145404e-01
3.410007880153542725e-01
1.281153003573738403e-01
-6.075408344316158837e-01
-2.724849176880201340e-01
-3.306776513739079770e-01
4.785741011341177464e-01
6.162955767413298702e-02
-2.764180802998285613e-01
-2.485987644032806032e-01
4.697996138455136639e-01
3.154106054054151009e-01
-1.428672166499114771e-02
4.064338061378765243e-02
-1.257921391921817678e-01
-1.748699320335720120e-01
3.877874285888953665e-01
1.017818808443186479e-01
-2.994256812403822687e-01
1.238327068447317436e-01
9.135968300776577122e-02
6.189588148515118987e-02
-3.379303803447942789e-01
-6.868022709738036413e-02
1.486339938699858532e-02
-1.516241687870300003e-01
-5.163858536410701472e-01
-4.129881476034312215e-01
-1.410444299374528643e-01
-2.110095741471781916e-01
1.788559808626740688e-01
4.089108840908861620e-01
-2.288452445804692870e-01
-6.789674474518447855e-02
-1.428292851054196455e-01
1.050170346639133362e-01
4.342381168661597624e-01
2.157383225918967362e-01
-7.281895976415733163e-01
3.307084249164760070e-01
1.091268693071514029e-01
6.630977775901704396e-02
1.028430424888049505e-01
3.897965944149468509e-01
-4.876717210887150933e-01
6.083180286873187681e-01
1.400181746742589217e-01
1.642173306369819896e-01
-7.712982374941113051e-02
9.466305431586456189e-04
-5.088809417898940701e-01
-4.220820237388692164e-03
-4.512842308013791381e-01
