-1.193582137861024933e-01
1.598186128953050789e-01
-5.061959378602184922e-02
-5.573487225508115817e-01
2.236666866245065333e-01
3.965653601976101283e-01
3.872088001892982634e-01
-5.347047028785236744e-01
4.150683355846829237e-01
4.049035772704841218e-02
-1.554310534713217729e-01
4.093224111365579287e-01
4.379717018752754543e-02
-3.215641505758400909e-01
3.296884837015281455e-01
-2.055556774056805647e-01
-7.855946638293187512e-02
4.479583981145533050e-02
-9.867043516692447502e-01
1.685285926003208812e-01
-1.876235140444734023e-02
1.121849186954649302e-01
1.804088737646046270e-01
3.943998094029791401e-01
-4.208704929847992271e-01
1.964141643868084000e-02
-4.759890285512011765e-01
-1.003373999806182609e-01
3.361148483087559868e-01
-2.465015922946866000e-01
-2.504168114842879045e-01
6.686120797052717002e-01
-1.877276566822056736e-01
-3.065475685802251937e-01
5.397225552779779667e-01
-3.116857954411159648e-01
4.355184793203526472e-01
6.345874869632126547e-01
-6.029548545039712382e-01
-2.578526470096527135e-01
3.932302981274611309e-01
3.978933423258482205e-01
5.617690777537032165e-01
-2.660934720849300605e-01
-6.252317798318057784e-01
1.725022946915715505e-01
-2.569749418055216617e-01
-3.245442944570292032e-01
3.378215253584559985e-01
-4.437926040205721900e-01
2.245566103802907887e-01
-5.006097778493648898e-01
4.008392503088653580e-01
3.644630054332528846e-01
1.142793921538245716e-01
6.630805165197721784e-01
-3.154485692784771977e-01
-8.794432710361897720e-02
-5.260487558306695816e-02
-1.828588007708956131e-01
8.966920755219093264e-02
-6.559939759080626875e-02
9.628689101906762193e-02
2.398678283245441745e-01
-5.109759714774793071e-01
-9.395061019848224837e-02
-6.226634093977381212e-01
9.407561368054963291e-02
2.934859069297727774e-01
1.201788277172934349e-01
-4.579385366040089611e-01
3.854001018777242771e-01
2.438624408631809570e-01
1.813831764465732299e-01
7.049928244678623779e-01
-3.559935115501170477e-01
3.212888148474385419e-01
7.013043177152684937e-02
-2.204694611030569573e-01
1.880973272299742427e-01
-1.298748260246256059e-01
2.864980591693216255e-02
-7.087362110721542874e-02
-1.230077642328492732e-01
5.723712648705360506e-02
-1.866228036089707110e-01
9.597949518387578483e-01
-7.539184863931058800e-01
2.363319629828928292e-01
7.409166222219741860e-01
-1.774569988792170927e-01
-1.747315271416878257e-01
2.649038233908595497e-01
-3.118938190837381441e-01
-4.385646550650824094e-01
3.051931438877957814e-01
1.958093225247342362e-01
-2.805225861954134814e-01
-8.868976323110461246e-02
-4.925876095886750350e-01
6.214780784893172982e-02
7.956025042812007175e-01
3.266203853156734449e-01
1.565621923262220938e-01
1.616207748431078839e-01
-1.815702387521156425e-01
2.050728021405165691e-01
1.966190088548549764e-01
-9.952311523988016662e-02
-1.458306346143960763e-01
-2.599027436376546984e-01
-4.030217008126156797e-01
-3.690327322972571933e-01
-1.987036432739017200e-01
3.651043758764701552e-01
2.537161201058770743e-01
1.614749053228143050e-01
-1.244202729407593161e-01
-6.689952147895803503e-01
-4.994575039795927096e-01
-4.095442791878639022e-01
1.446806212098709632e-01
3.855417093390285377e-01
1.000000000000000000e+00
1.438739680085125983e-01
-1.497889123535081357e-01
-5.000887239137405960e-01
-3.136834101721463486e-01
-6.180526378435947238e-02
4.670283629000396286e-01
3.022058846248119046e-01
1.526934784955582547e-01
-3.089232135835427717e-02
-3.165504548694574316e-01
-2.350425662756392142e-01
-2.646974070013358160e-01
-2.609459444958736052e-01
1.292406105363304858e-01
-1.579302910778620783e-01
-3.768023685075606588e-01
-5.598835673245589062e-01
-6.797621744327329019e-01
-5.437916628263687047e-01
3.542921941394789886e-01
5.132498789049578791e-01
3.462631876567736633e-01
-5.112423065860983717e-01
1.195352911982362348e-01
-3.591757686131216154e-01
-4.032528575587575048e-01
-3.163497812279514321e-01
-1.070395521771623226e-01
6.803843298047141941e-01
-3.585012403360693378e-01
3.091901014882083576e-01
-2.032525350215231008e-01
-1.588880629058012917e-01
-2.894289837914643115e-01
-2.241592572653799964e-03
-1.898717789329786854e-01
-1.664496806656511063e-01
-7.549460763316102885e-02
1.604893932422446767e-01
-1.220221390648577597e-01
-1.158206400395566382e-01
6.427228745036219770e-01
-4.676901251513547186e-01
3.939516456444369652e-01
7.674287669630465783e-03
1.024482982751220017e-01
-3.474358713065405224e-01
-9.322716787981356890e-02
5.211906012292152890e-02
-1.441733713873871725e-01
2.250876307142970351e-02
-1.190908129438230656e-01
-2.298474582964367685e-01
1.142191392566749147e-01
-6.405795594431002993e-01
3.479929442715708199e-02
-3.274011664026354462e-01
6.467969707188606088e-02
-5.053030113226421038e-01
2.562735594025883357e-01
-3.540196380261370068e-01
-7.340742957472122798e-01
-2.551009759951073774e-03
-5.914221387574913891e-01
-8.047744857561418830e-02
1.801322243449772487e-01
4.029973498921611275e-01
5.447562110247730072e-01
-1.343498940756662208e-01
5.295240930215562303e-01
4.458847235063263803e-02
2.947503831415343445e-01
5.187292848389163380e-01
2.255303615120033411e-01
1.417643243643052220e-01
4.807939687361998532e-02
-1.532927879710831998e-01
6.308600981623122550e-01
-1.384729502825331471e-01
-2.914520984104144175e-01
4.661098681286168777e-04
3.426289248102429297e-01
1.360357090271323011e-01
1.828186914145334685e-01
-4.090616214107651860e-01
4.544680487675610836e-01
-7.218280594726170785e-01
3.975476795778908889e-01
2.960364803981976184e-02
-1.846705891994603332e-01
-2.202519374164367272e-01
-1.752555163657466275e-01
-3.177582474099978627e-01
-1.725047752854177441e-01
-5.267152210979789695e-01
5.668538662299748010e-01
7.019695428703494056e-01
-2.443096846361891283e-01
3.885604627678734824e-02
-2.180720637446080246e-01
4.404662123360090775e-01
-9.418848492967675234e-01
1.115068362562939286e-01
5.616476160248135008e-01
7.668766957517751948e-01
-2.011511472943625922e-01
5.066747347885049990e-01
2.221978267852882660e-01
2.943999796481558406e-01
1.358298223808148131e-01
1.672838868212486452e-01
-4.289156357068358294e-01
1.434589496079349130e-02
2.775726789887921209e-01
-7.672585713545640451e-02
1.438354777266104001e-01
-3.793455599024965208e-01
-2.943839469171261602e-01
2.620904626994612352e-01
2.247404184403966887e-01
2.518011321734750507e-01
5.863682830304079996e-01
1.137128034868444271e-01
1.971660149947482288e-02
-1.472473108370012385e-01
2.820981537343829615e-01
1.976567603372726134e-01
-5.972399156800249909e-01
4.070379576166177626e-02
7.100851904160118133e-01
4.923515584148651092e-01
-1.145096619267697569e-01
-5.491045860265969525e-01
-3.902719684533199618e-01
-6.252548678059571818e-01
2.083480448103436633e-01
4.148286938993591133e-01
1.906385096271050184e-01
-3.161770417228787489e-02
2.628738838274587986e-01
2.186236323455277297e-01
