-8.884346407702761739e-02
2.104368407436846555e-01
-3.144077642680692120e-01
2.812515101262758610e-01
6.192143205136020623e-02
-1.174018408813699427e-01
-3.048515907089420773e-01
-2.205674666937985640e-01
2.230615755935386191e-02
-1.149533373500657152e-01
4.120537062943980811e-01
-8.445032285378362147e-01
-1.631214408787270698e-01
-2.239747305396656563e-01
2.589563980933022314e-01
-4.872299330996281153e-02
6.930591319915365700e-01
3.248970179798026936e-01
2.749571344857453248e-01
7.970391838610041413e-02
-3.359116054491034231e-01
-7.563528923083015498e-02
-2.778707228565275300e-01
-4.409360560550790176e-01
-7.129952823132540418e-01
-3.207598742590594965e-01
1.799183228675158563e-01
3.694881933045321420e-02
3.183288676850217214e-01
5.942365342262360128e-01
-9.340410013807858014e-02
-8.795083475372701687e-02
7.279102286396815780e-01
2.080203351477024620e-01
-2.725412763909155212e-01
-4.194600319189945581e-01
-1.137712535884885939e-01
-4.585123795720075779e-01
6.886446595770692736e-02
-2.744489449171144679e-01
-5.920943112353918014e-01
-6.382976651613366803e-01
-6.122898458914165509e-01
-8.913535591354439236e-02
2.851343110726545227e-01
-6.578851468282836956e-01
-9.999395953170514550e-02
3.221078240418438488e-01
-4.343375207988347531e-01
-8.778002240026050451e-02
1.429359812733294877e-01
-3.596433860112561165e-01
3.255456292847417332e-01
-2.415053284907382469e-01
-1.998092997401266224e-01
-1.953544347042533713e-01
-2.087098651837202001e-01
-1.175545787775572198e-01
1.139946249152942737e-01
-3.409117619705480662e-01
-2.897564317566866388e-01
-2.017067848092099491e-01
2.164381049666638523e-01
2.747440134211596302e-02
7.779602914224468257e-01
2.079119565549260584e-01
-4.576817901364575447e-01
-8.689531392766516871e-02
6.552121073280353647e-02
2.751744062731674711e-01
1.210260948280956483e-01
-7.801131720179330098e-02
1.860562208844772358e-02
-2.366730155617238762e-01
-1.020851140658558809e-01
-2.501850670482849703e-03
3.443927644973291402e-01
3.201184997014914213e-01
4.496258565503087890e-01
1.632981976690351944e-01
-5.669525933998432743e-01
3.158698009758367786e-01
-2.998354389952584409e-01
-1.921496784465395180e-01
-2.049424198299454325e-01
-6.833308698645768064e-02
1.506897117774586292e-01
5.364905541973499226e-01
-2.612552644197380092e-01
-2.597937934396413739e-01
-1.626301120320183813e-01
3.178220729965600122e-01
-1.379107484379715753e-02
2.820989686796842588e-01
9.514165660711580708e-02
5.637040575013615995e-02
8.780746322196657239e-02
3.897748095343227248e-02
-3.167446722854193597e-01
4.887534078513218194e-01
4.406192387923133502e-01
4.770762503632429707e-01
4.566952422582425120e-02
2.052149382330541172e-02
-5.973632687747698622e-04
-2.509782009160388960e-01
1.498526955630304913e-01
-1.638314137472685061e-02
-1.279878141824830062e-01
2.218243151674944569e-01
-1.430274544045140317e-02
-2.099042580941605507e-01
-8.441914491201957249e-02
-4.823064421363364440e-01
-1.103694363834964720e-01
4.951755539682144436e-01
-1.476385219807640758e-01
1.183007733112644705e-01
1.478118447749312003e-01
-2.052452885364488555e-01
2.253024648412197128e-01
2.900368088237632036e-01
3.478838856197009610e-01
1.410669932099776758e-01
3.668745689561994094e-01
-7.673152932814106264e-04
3.868043973323862517e-01
4.699908966445868197e-01
5.825617369987510230e-01
-3.240867122725771265e-01
2.563872927425823733e-01
1.921859637046052505e-01
-2.861064254803718510e-01
-8.132163429024042989e-01
1.111150461008391099e-01
-7.722306778019885631e-02
1.027880839939574603e-01
-8.534627677534688261e-02
7.637442572565190935e-02
-2.910943422157014626e-01
6.027767680349115087e-02
-6.000730199299753043e-01
1.719836347900041695e-01
-1.112052999363646877e-01
5.792781770022483734e-01
-1.144165160718370600e-01
-6.588141133375442493e-01
-1.312437761137264514e-01
-1.250897769834748985e-01
1.818075223257617778e-01
-4.413185904835484896e-01
-2.166559848856517145e-01
-3.411024400550732860e-02
2.919118909804810369e-01
4.951893061029943310e-01
1.951339222889751923e-01
2.485643814227946891e-01
-4.423347802291302533e-02
1.629304249014759953e-01
-3.942531444081237013e-01
-1.702151232075357901e-03
5.836976042347462590e-01
-4.099618346868566521e-01
2.451761957935680303e-01
2.855635838537117221e-01
4.218707391022450959e-01
-1.924246333627220584e-01
-1.386897712841894947e-01
-2.887978594752256267e-01
-4.597598787005120480e-01
4.565977834662099388e-01
4.497814063235754944e-01
2.354050393172592015e-01
-1.144186873301021590e-01
2.784832640407390869e-01
3.385966144718948190e-01
6.381566095732968402e-03
8.509151808314432963e-02
-8.394944891655621577e-02
1.083091082996646276e-01
-1.931345619656966439e-01
4.748081711675635197e-01
-2.900076231325517950e-01
-4.316119644846480585e-01
2.312079521882290656e-01
5.502133538259190888e-03
-1.253898946692331984e-01
9.002214061559660196e-01
-2.492665295729927233e-01
1.625324836100255355e-01
3.052108087207522913e-01
-5.351381123396287132e-01
-1.381810178770749853e-01
-1.486520221998238050e-02
-7.547202187622790159e-01
1.305183242073212069e-01
-4.373393732645380894e-01
5.269332900994442292e-01
-5.810099365568281715e-02
2.262470176418902024e-01
-1.344693093674411977e-01
1.732543977764456899e-01
4.309071613517458932e-01
-2.352918177001155353e-01
-1.836424011102129883e-01
-1.934100012765625765e-01
-3.218288457722009444e-01
1.427725806281848475e-01
4.479496776955645132e-02
-6.583277747878586439e-01
-4.401483868940361810e-01
-1.068306251119507666e-01
8.304309913424448020e-01
1.686286104275121489e-01
-4.220194208120263413e-02
5.750805702937149266e-02
-4.011792507921080331e-02
7.097322751599494106e-03
1.776565052236914743e-01
-6.298842145456462482e-01
1.904712982647130959e-01
3.434474624278648358e-01
-1.031363879390046895e-01
4.741157568066453609e-02
5.217814534013025529e-01
3.339472855788021555e-01
-9.807217960836081549e-02
2.765849411937070790e-01
-3.621135335214377138e-01
5.797775754875378329e-01
-5.087714638870024508e-01
1.888193524739796292e-01
-2.735197817984128532e-01
-4.534661462610623528e-01
3.964668455665230073e-01
5.095565481745349956e-01
-1.839384444089665060e-01
7.581067409771142795e-01
5.125435417128385573e-01
2.169919860539033518e-01
-2.849556192607651806e-01
-4.365067385305687608e-01
1.954941120847221436e-01
-2.692184089763213772e-01
-5.092938440684144918e-01
-3.099598853903759443e-01
9.129435167041854288e-03
1.214715045375552444e-01
2.978324677816359123e-01
-2.234861684230469159e-01
-1.435122964377360533e-01
-3.822285956369970705e-01
1.430419182828003843e-01
-2.535323267884724840e-01
-1.962590067739710675e-01
-3.699726724814170198e-01
4.274259340433823606e-01
2.140642142375063367e-02
2.283576487562012369e-01
-4.175035605539167416e-01
-6.904024611683720059e-01
1.103555100197081557e-01
5.138721907262909783e-01
-4.216428092767460223e-02
2.344493505712708092e-01
