6.597161696885880944e-02
5.218297042985717837e-01
-2.817456103128318512e-01
3.763685911333232159e-01
-8.348385079118508800e-01
4.322337808475084503e-02
-2.647749064823837761e-01
-1.640452519315915292e-01
-1.936682397355761753e-01
7.919877447301149065e-02
4.826147592941054665e-01
2.864150075436797671e-01
5.318108662384879448e-01
-1.492090020656464677e-01
3.198732020326762737e-01
-2.596442203717782560e-01
1.133496697593104063e-01
-5.350974780854363122e-02
5.895678852500646494e-01
2.961117396024342541e-01
3.495422045081881812e-01
-4.749411265105166757e-01
-5.027095117955051456e-02
-5.299109886787285451e-01
-9.996620125185123884e-03
-3.468803349732465513e-01
4.715224234197330500e-01
-2.675843217665553261e-02
-4.654172750815294135e-01
-1.904691454988903243e-01
1.005317747626760377e-01
3.387918162733848937e-01
1.293801806490009199e-01
2.211565811707923435e-01
8.195957401387716779e-01
-5.965608990648152421e-01
1.503758113180367895e-01
-8.172319368426611552e-02
6.783117053221328074e-01
-4.010516166754519995e-02
-1.377685141676494862e-01
3.590607845040573176e-01
-2.767472450930430483e-01
-5.599883362930545561e-01
7.500022247347244708e-02
3.238562223960363140e-02
-5.447302110256656976e-02
-5.646399139870245110e-01
7.616776251768306860e-01
9.236201869304505596e-02
2.025342373780989469e-01
-3.060345506656184655e-01
-9.930395468397166248e-01
-3.635557279590417856e-02
-9.615060494232829935e-02
1.209271711061973981e-01
2.566419479120510272e-01
-3.609782926038468398e-01
-1.540048742058074960e-01
1.419983545089085197e-01
6.566358164331471958e-02
-2.025216420352884961e-01
3.083295725473018667e-01
1.168280663541940989e-01
3.804794787055670313e-01
3.579480047089029782e-01
-1.489525033598841919e-01
3.072913604832915313e-01
4.118029747528716422e-01
2.358000328594161976e-01
1.067514359506119559e-01
-5.715579410093568624e-01
3.647282233619698610e-01
-5.893368222466046635e-01
3.347885576280019704e-01
9.378364029092695064e-02
-2.769669318429839877e-01
-9.478067542617860108e-03
-1.990043571759199381e-01
-3.768364061253061392e-02
1.480185847986316972e-01
-7.097204048536057686e-01
-5.707636902392039246e-01
-9.174070801277772746e-03
1.405184164848615747e-01
4.119790116213250530e-01
-4.234417027658755606e-01
4.281194346534838435e-01
-2.199271916892617251e-01
-2.510997311865018622e-01
-2.078457161252262320e-01
-1.742445909303369234e-01
5.158162377545640054e-02
3.653889797924533278e-01
3.660800361823758620e-02
-5.620843340367256413e-01
-2.262664486967702060e-01
3.575058462578381557e-01
-6.676862076990810468e-01
-2.893162322550775142e-02
-2.559348651149556120e-01
3.993488768160425861e-01
-7.357638862887372344e-03
-2.268933823149398843e-01
-4.065482363115808795e-01
-2.471941375773847593e-01
-4.699005475280387811e-01
-1.152482933703999624e-01
6.709198723122877794e-01
-2.935791260426487415e-02
-7.412014523111434272e-01
3.119686783010601761e-01
-3.024673834588570420e-01
-4.242203427912816238e-01
3.225192788782189068e-01
6.870326668730193376e-01
-6.298613298790987081e-01
1.194726666814865251e-02
-2.091905871461876287e-01
-1.080233007009333279e-01
-2.298301407040339583e-01
2.775727020101749487e-02
1.797367296298658934e-01
-3.778406813706950973e-01
4.177510475354215824e-01
-5.720045638797039977e-01
-3.670624610247275044e-01
5.167928007665948398e-01
7.456213115303771122e-02
5.057838674549859359e-01
-3.147412916980277808e-01
1.805319008746569809e-02
2.188716611290689174e-02
-3.314679618093722135e-01
6.136945737243990756e-02
6.574146741062504573e-02
5.170686086169557633e-02
3.502173526860021258e-01
-7.283199797965601852e-02
-2.937385105023927745e-02
-6.016351084578162034e-01
7.308756109989230643e-01
-9.955687062587975644e-02
-1.525498547114327863e-01
-1.592520022976480210e-01
4.775543769370164948e-02
2.225482503468539930e-01
-3.114826251836261273e-02
-6.441082015153890561e-01
6.615645760930026487e-02
-1.827197987206311824e-01
-1.343383840544137287e-01
-6.377099031826008457e-02
4.017890524520707496e-01
2.324114568589069618e-01
1.800973248642630531e-01
-2.551575517300903040e-01
-2.196385751620910098e-01
6.308288716249667027e-01
-1.721586934273423575e-01
5.450890958701891387e-02
3.944396057247253062e-01
-5.993167670635604627e-02
-4.431055300907507655e-02
3.250736748785066355e-01
3.555533363932701363e-01
-2.985318321906869909e-02
-2.172360758438050266e-01
5.794775348355660771e-01
-1.103192729448397719e-01
2.001387640900750275e-01
-3.445572333815775656e-01
5.263720742369563110e-01
3.885656415500113314e-02
-7.392742831273506343e-02
-2.256583008034307170e-01
-3.883211701483137157e-02
6.702959127925450789e-01
3.449761748837782416e-01
2.077140465095598243e-01
-4.318320751896266296e-01
1.168739470690952353e-01
2.375047327415149290e-01
-5.947441910855799652e-01
7.269072690521148905e-01
-3.145318406593695104e-01
-4.995927532891616396e-01
-6.175516725505970916e-02
1.497398946597130187e-01
-1.843744699374020857e-01
2.531663726235145462e-01
1.658541310662314527e-01
-2.800513204821489799e-01
3.939329839070662143e-01
-5.490121440371036332e-01
4.082353759130010751e-01
-3.183534011092510885e-01
1.912081495743973153e-02
4.511576580694955929e-01
8.993736306012198312e-02
4.161730938041313665e-03
3.692261406815192659e-01
-6.095544119028354357e-01
-1.624846838844247188e-01
2.377857871967607450e-01
3.351073137285928150e-01
8.438868626805427764e-02
1.392629629233418653e-01
-1.283496022293005578e-01
1.886226396020678764e-01
1.555616877505766049e-01
2.981223019690838472e-01
2.319397644725969265e-01
5.640726551128366628e-01
-1.278453447653443709e-02
1.223809729474352181e-01
-1.755848145514199085e-02
1.000544993399665392e-02
4.736573046080292393e-01
5.309064670371814731e-01
-3.999693209494717405e-02
-7.116261853295207107e-01
2.889545723768767171e-01
1.657463913035857050e-01
-3.713852565432064212e-01
-1.874897730497575576e-01
-8.670722756205104242e-02
-1.031749154370397437e-01
5.952766708943342255e-01
3.493726087732285102e-01
-1.358728189763300509e-01
8.548111708040406764e-01
-2.361126265303344768e-02
8.104966752102871208e-03
-6.829659145101812934e-02
-4.652940524094353325e-01
-4.050476294138191657e-01
3.332716613499983049e-01
4.822863253146314477e-01
-4.485984445556733813e-01
1.153148128102668424e-01
-1.640921814151348190e-01
6.140214551497136762e-03
4.573207875372463094e-01
-6.639758842970485686e-01
-4.078499095018847664e-01
3.522079505320038217e-01
3.788351911510265957e-01
-1.178322976406787903e-01
5.212274795570955854e-01
-3.104138773965097742e-01
3.074922577733738005e-01
1.537715194510688166e-01
1.319944922575328750e-01
6.605454714154354035e-01
6.719270458481048369e-02
-4.679668603226839751e-01
1.978004735502197908e-01
-5.065344465334045143e-01
2.996041055622651883e-01
-2.676703707577861024e-01
2.696240056090036530e-02
2.953078816492286096e-01
-6.134918694344124179e-02
1.097613374855471308e-01
