7.595498924594246137e-01
-3.535960593612306746e-01
1.894138522088472942e-01
1.637377318023915118e-01
2.232603605461835061e-01
3.009142672923317274e-01
4.929566725046397729e-02
1.767080502745916049e-01
-6.929113827549733540e-02
-5.446523410839308743e-03
-2.276388924046117979e-01
1.458225110340953534e-01
-7.318413687723067385e-02
-2.741017468309714378e-01
1.601295413736142925e-01
2.008512682787710057e-01
-4.610403959777701344e-01
1.719208467200997875e-02
-2.141979657209656107e-01
-2.937421225656346446e-01
-3.488403821114218206e-01
7.817084945121004214e-02
-3.077975440004752095e-01
-1.329163130591710651e-01
4.756608256948748059e-02
-2.115669258292053878e-01
2.727220944257300883e-01
-4.297167698060774810e-01
-4.359428910172239574e-02
4.430196243039863369e-04
1.676180427613891133e-01
-1.605656241861698474e-01
2.995470466300255707e-01
4.273772939405101057e-01
-8.719258699728937856e-02
1.216153709493762169e-01
2.598777013044297202e-01
-3.405154399604665705e-01
3.484387076333671507e-01
-3.399738517225425749e-01
-3.631456884620821723e-01
-1.166045661834483604e-01
-2.707849314141254071e-01
5.521747040402392726e-01
-3.059190643602723858e-01
-2.593351660883506660e-01
1.207643204641765111e-01
-2.534321475893351605e-02
-2.982563251093204304e-01
-8.969567199113913369e-02
-7.057369277599037649e-02
-1.777358814049482261e-01
-1.067104632976442757e-01
1.264066177198215624e-02
5.318614180778074088e-03
-2.384409689654278797e-01
-3.949906257235443197e-01
-7.874565833090918510e-02
4.559903691551724925e-01
-2.773282300573724074e-02
-2.411420971255118229e-01
-4.090048279669442066e-01
-1.262704009440575592e-01
-4.656627180541844657e-02
-9.414057019481833488e-02
-7.551989739879997332e-01
3.252882283808282704e-01
-1.786280133488883648e-01
9.372654525230900147e-02
3.490780077470991283e-01
-1.494586816223629488e-01
3.519777958658736883e-01
-2.870290117119025930e-01
-3.227904056958070256e-01
-8.844660051101305154e-02
-1.304419849135031728e-01
1.249735315237028022e-01
1.708330213410534371e-01
6.556476296622730515e-02
-4.713424605422203983e-01
3.325703865042693996e-01
-6.212599731392772634e-02
-2.245977588244177092e-01
-4.418649258455764617e-02
4.431183943421272975e-01
6.137525820853242942e-02
5.672733731297333742e-02
-1.380184424549317779e-01
-1.046622226173169329e-01
1.460612753292157562e-01
-2.407167428275144849e-02
-3.656389990027717474e-01
2.799325551663665035e-01
1.918997172094898118e-01
2.789304997073497328e-01
4.263743678145472463e-03
1.239540881805332173e-01
2.784893046440424791e-01
3.838684852193161579e-01
-3.565823525547915374e-01
1.198726638086935192e-01
-6.430085343971064793e-01
2.603089925568842222e-01
1.693344982775348562e-01
-4.856989121684427424e-01
-1.517637080941835193e-01
4.280828726277841056e-01
-1.765859643262872036e-01
-2.096416246032374031e-01
-3.062323601755734814e-01
-8.413460592214198064e-01
-7.110310192288282760e-02
-4.973289524145955709e-01
3.545862601944054227e-01
4.159993656076974022e-01
-1.655627733022176779e-02
-2.105022596215146979e-01
3.140537987645740658e-01
-1.101614739710105872e-01
3.737379579870456214e-01
2.069757979927118186e-01
-4.864997236140122805e-01
3.474303361695383896e-01
-5.968928147382233096e-01
8.701473486911603938e-02
-2.460780492349032844e-01
1.188547700660454731e-01
2.261431978701834156e-01
-6.356951286663125034e-01
-1.099432859549604596e-01
-2.899528999362157022e-01
3.646568823834389628e-01
-1.541917112455049033e-04
-7.397783087306963878e-01
-1.859540281248462934e-01
3.116694872803138505e-01
2.513799391184753373e-01
-2.794740384835557312e-01
6.258761833722170653e-02
-6.733157035857315065e-02
-1.412259755245807158e-01
6.240019487465396919e-01
-5.266099325762734207e-01
-2.896491748206336814e-01
-1.990835014149776039e-01
2.634662303568957031e-01
4.081904083054777588e-01
-8.291929348430565616e-02
-4.977286496812949323e-01
6.471018889581832412e-02
2.679094209398146798e-01
1.378627393717261340e-01
5.699036730487964247e-02
3.953117985330779627e-01
1.117956272583215671e-01
4.699395859561409511e-02
3.419419784737914303e-01
6.750578476234507519e-02
-7.249321822814805416e-02
1.535781662633997902e-01
-4.126902425288503928e-01
1.121306538652258877e-01
4.417007077109473268e-01
1.938735925816762462e-01
-3.687641286269129903e-01
3.226510409107805621e-01
-2.496899090776114605e-01
-1.994171674267012917e-01
5.676573188718505580e-01
-1.103795864591222697e-03
1.197671026743079570e-01
-5.015403855747526674e-01
4.661476617076600326e-01
2.331735214351843555e-01
1.685337342703392416e-01
-4.862982144021539277e-01
-3.260821760604211139e-01
-9.987269442956558940e-02
-4.591791490551428920e-04
-3.644401411432854898e-01
-3.877320980906646675e-01
-4.311605171138819803e-01
-1.919605087581182923e-01
-4.717352091778282547e-02
3.472285530604485859e-01
-6.239449208354085341e-01
-2.583871668704544322e-01
5.605574455404223055e-01
-4.855144384751446107e-02
-5.529722700026225291e-02
-2.496559919128600868e-01
3.077102891174720023e-01
-2.231058791988460022e-01
1.806631243184259050e-01
-6.065209678294267714e-01
1.655303180019543074e-01
-1.266562824424625755e-01
3.848935893968678523e-01
-4.531038731211805420e-02
5.631525948475269994e-01
-1.154214798269622422e-01
-7.719037337301949409e-01
2.359498932532904103e-01
-3.966013303946900881e-01
-4.127860986948979627e-01
1.436168235157532780e-01
-4.619041091241171682e-01
4.450707311459776161e-01
-2.180943962375679335e-01
-1.410722852532551030e-01
3.664999472114856965e-02
-4.280236098990796156e-01
7.534750913823993201e-01
3.978926168459745449e-01
5.611587578245064156e-02
-1.918837325892022161e-01
6.023244188065903781e-01
3.689715372150054185e-01
3.058008671273081402e-01
-3.634882784514525400e-01
-4.218480078395671073e-01
-4.825488730702422874e-02
5.809864193657560127e-04
3.726134911494499158e-01
1.440994081730847254e-01
1.267764208706145812e-01
1.749815257326710061e-01
-6.401254064434133695e-02
4.242713099026980683e-01
2.515195725210554456e-01
3.245712887004130742e-01
-1.663043843668092214e-01
-2.995607782508463712e-01
2.668138525839264807e-01
4.881389746476943459e-01
-2.170376248233585881e-01
-1.420426244765460588e-01
-3.027421915529027729e-01
-2.306522791498205327e-01
-9.291134938421199418e-01
8.469080500614369067e-02
5.297134769467738008e-03
-1.030056760040343709e-02
4.291220869411518923e-02
-3.035688255206422381e-01
-3.508409615350168154e-01
3.697478865725455366e-01
-5.701517151317363197e-02
2.819761701570749901e-01
1.910104371950346325e-01
-6.311124813149860957e-01
-2.903800121379063182e-01
-2.857755492314990597e-01
2.580544641201560352e-01
4.113276459714477334e-02
-5.585818753193908526e-01
3.238772253154548197e-02
9.324925326337223097e-02
-1.961273553021419258e-01
-5.196537744576171791e-01
-1.764834658471135520e-01
1.432610148707764153e-01
1.822803507421226765e-01
3.628207387453420418e-01
1.508262130327630568e-01
