-1.405678462398902706e-01
3.187343654800480208e-01
6.216333224397206647e-02
-2.819603425070817126e-02
2.996685522343096597e-01
2.723985064952929580e-01
3.631909496954126015e-01
-3.004784396442979899e-01
3.924231604828608277e-02
-1.156768499597163602e-01
-2.445106333423016365e-01
2.413380357358222150e-01
1.197260170301902571e-01
3.972139547408745086e-01
6.130585114737589769e-02
1.768835634797462364e-01
-1.470613464153186778e-01
1.503419781934193789e-01
1.717160711355380509e-01
-5.155535655198837386e-01
-2.161957278798942728e-01
-5.553716560956092341e-01
2.076780845355234439e-01
4.390603637735134845e-01
-5.508390191787219947e-02
-2.649909382053218798e-01
-4.155629639695894162e-01
-3.825000212136775990e-01
-4.116720803698443731e-01
-5.921200377725542585e-02
2.952681248315618956e-01
5.901795453570566341e-01
4.925635443678108571e-01
3.947561077842368094e-01
-6.174648798190573995e-01
1.963546494425186251e-01
2.814714759804880506e-01
1.057400534285482807e-01
-1.399764449306175607e-01
2.242758573811912681e-01
-3.673336566465663922e-02
1.366656017272671261e-02
4.699694490953372494e-02
3.881977280853138312e-01
2.180863807121654618e-01
3.688213226126050293e-01
-4.385201789865547095e-01
3.697439362199018142e-01
-4.039300701995371390e-01
-9.064180603395942393e-03
-5.238860535300717824e-01
2.575218037411822897e-02
-2.465486951493654488e-01
8.306642504654450088e-01
-1.504932898291826693e-01
1.525019663020552307e-01
-2.609928697962519140e-01
3.449628917378939064e-01
-2.544740024110599130e-03
-7.255903932473438400e-02
-1.451773253675103792e-01
-2.288475466180867057e-01
6.065061051270889125e-01
-5.842178226631194321e-02
-2.225410078572396047e-02
-6.517036697582859195e-02
-2.662911338740179268e-01
-1.582486272695927121e-01
-1.248637852942481308e-01
3.571921422154377135e-01
3.315575666307440383e-01
3.572950515025124368e-02
9.563439464499799703e-02
-1.196828676032454103e-01
1.945597931222901589e-01
-3.018303333482546535e-01
-4.621580600019738888e-02
4.151347892724320254e-01
-6.270137110831731642e-01
-8.269266283466870926e-02
-5.286630358194991386e-01
-3.399779342706051866e-01
-3.405405708659512976e-01
-1.890394394786670818e-01
-2.334103401408158529e-01
7.774357383863157445e-01
1.034866300042068810e-01
-8.502108988011403135e-02
-1.254806251367976133e-01
-2.405798641986445219e-01
2.765912090860155326e-01
-4.005097530174268200e-02
3.185526167700822309e-01
-3.502783219358912570e-01
1.754175409276887906e-02
1.453503761292076202e-01
-5.806339715403220636e-02
-9.919377283103764098e-02
1.857683683274469755e-01
2.801344776057695940e-01
3.186811265492214273e-01
-2.438926226390182306e-01
2.423699079646851606e-02
-2.850416911383341079e-01
-6.368382772205486431e-01
3.369088660677387326e-01
-6.239602643037073237e-01
2.945981055345279209e-01
1.040925117324560945e-01
3.632319655960043470e-01
-2.311287144086610901e-01
-2.058861911764498787e-01
-5.199599591703634588e-02
-4.675842097513647766e-01
-1.495424582168188299e-01
4.349798464018053146e-01
5.866663028729682261e-02
4.007241669111253346e-01
2.626238621452395838e-01
8.271388490375460034e-02
1.393317953923227104e-01
-5.328306716484203509e-01
4.027453607492775256e-01
-5.465105058952414163e-01
2.279001317419150283e-02
2.054029509195177960e-02
5.655663716124884610e-01
2.304367262457289456e-01
-2.399321316822036754e-01
8.412022827525363067e-02
8.689650012817117242e-01
-6.353215060179181473e-01
-5.650860042588397303e-02
-5.222389513576449760e-01
-5.278934857911720124e-01
-9.014089144882323490e-01
-3.651126688233174433e-01
2.330881518830226762e-01
-2.275663106657334067e-01
-2.518193914940710654e-01
-3.032265576134806073e-01
-1.229891961804229217e-01
-4.872742635398553679e-01
-2.046505366798088282e-02
-8.198868030208694702e-01
-4.623488397089374480e-02
-2.911602933179663344e-01
-2.382494724706223088e-02
-3.025347688313460570e-01
1.915675684561424785e-01
6.033615301803079145e-01
-3.342141944505668261e-01
-5.060236423893303970e-01
-2.677114940244971208e-01
7.417103818000531090e-02
-1.103146855258654579e-01
-3.089276881286193710e-01
5.030674609962313415e-01
-4.908182287055501969e-01
-9.291626210413403419e-02
2.469067351983655623e-01
-3.676228525322079443e-01
-4.356547239279053296e-01
1.131422172422190398e-02
2.402914576451563589e-01
-3.598818313238262290e-01
-4.666855975894163011e-02
9.886724996625094464e-02
5.263871643802082723e-01
5.807109140138927428e-01
-4.182203785966457366e-01
-3.621587873495180632e-01
-5.101647369022287437e-01
-4.665819613965347945e-01
-5.139671662697985477e-01
4.521930326421395030e-01
2.386448852993886816e-01
-7.332951499165609732e-01
-3.816631926270012687e-01
3.669128249745937653e-01
4.666577532193755956e-03
-4.749234530726909737e-02
9.491871141157812719e-01
-7.962848395367351506e-02
5.393971265926821024e-02
1.730622695568952707e-01
2.058148570955605772e-01
-7.649820794441639094e-02
2.294587513626326070e-01
1.307528694562751781e-01
3.529364665222446962e-01
4.134910098887781965e-02
-6.407350976316115165e-01
-9.169424695850579565e-02
9.567533485016102568e-02
1.800998448421034515e-02
-2.269612713922467689e-02
5.664393393502170637e-01
5.401248405631801086e-01
-5.417731012902773369e-01
3.991322478560870857e-01
-3.460620781505642229e-01
-2.525118931578385073e-01
-2.485435808352259579e-01
2.456987771884919514e-01
-6.268673120128924747e-01
2.094835869832055997e-01
1.722698740731576916e-01
-1.067164400866954799e-01
9.495707913078532680e-02
-3.571753367058213002e-01
-1.361677561568467310e-01
9.375266791487210649e-02
7.434459680469840404e-02
3.364121873872009671e-01
1.328190030454222959e-01
5.375989655880055729e-01
5.537212529747110867e-01
3.272990013918051222e-01
1.274867244178418124e-01
1.743462702005137144e-01
-1.153358231014144641e-01
-3.787377113207867074e-01
7.009336379527558725e-01
5.441261109430283183e-01
-4.870549274480722168e-01
-1.911981487295833643e-02
4.889154865847035181e-01
3.690920703487516885e-01
-6.926550365914213581e-02
2.284827453012623355e-01
-6.732566741927737963e-01
-1.643593245247584878e-03
5.125534623077769858e-01
9.626211202887091645e-02
-2.348080995794668835e-01
-7.724799463375898734e-01
6.103722875543908799e-01
2.685916399320252834e-01
2.960458442596186068e-01
-2.468895476700841418e-01
2.167928979478355167e-01
-3.573091923575576478e-01
2.568901821778786232e-01
-1.314443917324011335e-01
-9.759284529034820133e-02
2.412602210363277433e-01
-2.752528344989433329e-01
-5.994883720600097110e-01
-4.241902333712258000e-02
3.826468844058162899e-01
7.100863501310120812e-03
-6.751052293878352373e-01
-2.991192099740720978e-01
1.886409758697301930e-01
8.305643181767043137e-02
-1.143388019852881882e-01
-1.217244674632217000e-01
3.420377145181205947e-01
3.878427456724104494e-01
-4.389130071885735673e-01
-1.927285264867816816e-01
6.257850293716806789e-01
8.926226041483754647e-01
1.890789739378173906e-01
