9.145931922159654393e-02
5.502017054230244619e-02
3.627174636329997814e-01
-4.682429538281661641e-01
2.451946871500913436e-02
2.024277473206934075e-01
-2.872148924457823549e-01
-1.317126025273271106e-01
-6.269658799108686065e-01
5.454087329574688336e-01
4.349918321635750096e-01
-2.821748430605944824e-01
2.920570031735063576e-01
1.518885357065101471e-01
7.112486370471197139e-01
-1.715759508227193419e-01
-8.021685022414831723e-01
-7.566236104240005311e-02
1.664738904429868271e-01
-1.197070497136649425e-01
-6.208427834081875485e-01
-1.231172153247698242e-01
3.538322034651406600e-01
-5.746754216673510829e-02
-3.863819218927719845e-01
-3.269418829436266383e-01
2.206165430501370595e-01
-3.537443881627274633e-01
4.156752376384250658e-01
3.770801802604960978e-02
8.491353567196520402e-02
-5.801339934538825016e-01
2.134679883420218527e-01
-1.000000000000000000e+00
-3.257439578765963240e-01
-1.302402447198850732e-01
-1.005098713360515345e-01
1.221820180571751985e-01
6.258853186525619172e-01
2.883834693636431190e-01
-5.920330292866808619e-02
4.799355506745170974e-01
-6.178118863237553882e-01
-1.338041259641228331e-01
-1.313138568089385894e-01
3.687546967299605849e-01
-1.732773684768365574e-01
-5.018542574423929814e-01
6.686752090016500061e-01
-2.750975120494899562e-01
1.143401271221723137e-01
8.115404449864101200e-02
2.460364234211342982e-01
2.612397433024779003e-01
-9.447985129268962612e-02
-2.933960370189103717e-01
-1.254213542331470699e-01
7.644895647675065131e-02
-1.852146067252018191e-02
2.795905748707574467e-01
2.581031885236447776e-01
2.316259836083207624e-01
3.545503775072518793e-01
-1.249566691537365437e-02
-6.015647747982802440e-02
9.842654236439576931e-02
5.419799646794420944e-02
6.623292665627610043e-02
-1.223098373651723969e-01
2.263260438252630638e-02
-7.553006611257079284e-01
1.561043504739086929e-01
-2.829426184467579986e-01
-3.326803418448261440e-01
5.305482460355755991e-01
2.658359058075013270e-01
-4.714409770788932086e-01
2.530540099784174268e-01
6.861865342383406674e-02
4.760697581725199523e-01
1.030616899400266517e-01
-4.869184573605112726e-02
2.530878599885653668e-01
-1.603282085167849202e-01
2.549702466233423337e-01
3.472641939023819457e-01
1.267356903619578923e-01
1.259807878142392146e-01
1.287896360323200970e-02
2.078360350669914147e-01
2.977924004962363702e-03
5.484282318247264421e-01
-8.913699345799525053e-02
2.112711704022494086e-01
4.600333209428833503e-03
3.161412835826151735e-01
6.920821214738491767e-01
-6.485574601027079833e-01
1.944347975555358043e-01
-1.200539181959983104e-01
4.564197018734473810e-01
2.735738043511258266e-01
-4.928930539265216071e-01
3.533650810665855957e-01
8.619968883324747866e-01
-6.470135433365880040e-01
1.055868219877865721e-01
-2.427991997682025782e-01
1.699331958572025680e-01
2.882017312531510167e-01
5.705564671977096936e-01
-2.599143229891495155e-01
2.980266696501557289e-01
-3.733580137372182750e-01
-6.757919715965070295e-02
-2.264527580145500596e-01
4.755554476904526040e-01
-2.771009070939778329e-02
-3.767003806903025387e-01
-9.925531345607482847e-02
-4.280654744638176523e-01
9.109238543916496622e-02
1.044640855025431719e-01
-1.922415221548170461e-01
3.889995607855173954e-01
5.093235917096191612e-01
4.571174254547331617e-01
2.886303458325399918e-01
6.817634130547761684e-02
-3.032310224367206763e-01
-8.752269485060169829e-02
1.826318711994487920e-01
-2.256080855650609007e-01
-1.058462102937991062e-01
-2.194786838358518399e-01
1.489642314679258950e-01
-3.037978441566914767e-01
5.924448752755274716e-01
9.011775731187854355e-02
2.686811079008898928e-01
-2.374257923752074589e-02
-3.581474424317444838e-02
-4.310601525024284619e-01
1.175623577138090459e-01
-2.568835144116731750e-01
-6.541692418563485045e-01
1.035380077573193891e-01
-2.417577891511911714e-01
5.591685154605488539e-02
1.983566963608572598e-02
-6.294585956428443430e-01
-1.456502171048151828e-02
8.694626420210835316e-02
2.861589219410206608e-01
4.046185965166868015e-01
7.724216072529407340e-01
3.200785639202308186e-01
-1.019575299766426607e-01
-3.630410135844786002e-01
-2.557235033743902042e-01
-1.076101473038299783e-01
3.180734693711855243e-01
1.239767334921460101e-01
2.506629513646626006e-01
3.289634849316044884e-01
-1.715507585976198679e-01
-3.198113806034068585e-01
1.652914211215931461e-01
-5.274095942000681658e-01
-2.232407114891930555e-01
-2.872775598305876699e-01
6.511065912748112972e-01
2.997883141193464773e-01
1.486563537918126898e-01
2.404314035477485983e-02
-1.737493544290857062e-01
-1.999614884084348621e-01
-3.462923058449311475e-01
-3.730667531474771148e-01
-1.297854013597263267e-01
-5.638424966523729320e-02
-3.300667637558936107e-01
-4.161172217541330154e-01
-1.993383350650199115e-01
3.475438512175186845e-01
3.822168338795115528e-01
6.972737194935146876e-02
7.984829923115775718e-02
3.293403582856895828e-01
-4.151267159384338101e-01
-5.829814358246185879e-01
2.580362116749935208e-01
-4.896849987207435584e-01
-1.091018467209357995e-01
8.921836538571046304e-01
-5.146602906793107390e-01
-2.524503850728119780e-01
-1.887139454598345811e-01
4.053110397501913376e-01
5.506117865751936069e-01
-1.666745978748315204e-01
-5.155973100421020749e-01
-2.220735432935272702e-01
2.382052985945753432e-01
6.694619048228415137e-01
3.730837392189093049e-01
1.590566672478190002e-01
4.240015454530026151e-01
-5.492431480826387435e-01
2.099369437675480399e-01
3.871756638658276906e-01
-6.591276304406760156e-01
8.074109084611760800e-02
7.711918530609346289e-01
5.088554517883858708e-01
5.066336010746432805e-01
-4.274918484853628131e-01
2.460522347565816115e-03
4.238926565335691121e-01
7.655801142474615018e-02
2.481389265480666850e-01
9.616499858451644789e-01
-3.141792928348393077e-01
7.378157702930658868e-01
2.920834502194566973e-01
1.040810263098428390e-01
-2.585805121113498029e-01
1.248973373178421664e-01
-2.948953209981122758e-01
-4.865764242650731930e-01
-2.601385606649983528e-01
-2.806654501314854722e-01
-1.235379181042845775e-01
2.881785965870846122e-01
-5.698747044577304188e-02
-7.117204255277493896e-01
-6.490373602244145501e-02
5.164149023025343260e-02
1.591679402183974745e-01
-4.453222974815865820e-01
2.817869681264950077e-01
9.542347581148361013e-02
-3.414767380941314268e-01
-1.391503638422448286e-01
-8.557795293409220516e-02
-2.154872619780400997e-02
-4.038288608965369397e-02
6.256776726775107322e-01
-4.360134276686782884e-01
4.117645475884974537e-01
-8.717580120771267760e-02
-1.067575648594102644e-01
-1.295941857329494518e-01
6.465167504759192774e-01
-6.501541661410271677e-01
-4.643951378559347254e-01
2.741400342430658221e-01
-2.270742602448125314e-01
-7.914568577421292328e-02
-4.675262486315024529e-02
-9.479448289332181865e-02
4.648634379184428123e-01
2.269886721553584230e-01
-4.964492754803374874e-02
-6.282724064439432210e-02
