-2.853567106831173331e-02
-3.048853509391099004e-01
-2.326969774248283107e-01
-1.923483783751580578e-01
5.192477769471601778e-01
-2.145725093751525148e-01
-1.193231814671785740e-01
4.582059415574393224e-01
-2.236583309189947300e-01
2.166476271829592681e-01
3.947220623154302221e-01
-1.806867068037698032e-01
3.992482774120544309e-01
7.275593178863064558e-01
-4.382762025885146573e-02
-2.167398588103297552e-01
-3.536925317498566534e-01
2.931992308924160628e-01
-2.750660268989840174e-01
-1.630885619450849616e-02
2.470064504704833075e-01
8.719791006309609571e-01
2.860718876468207328e-02
-6.630936108824188047e-01
-3.036026518526623377e-02
5.068178363512405582e-01
4.249928233553942336e-01
-8.421033297616224989e-01
-3.942531361202211149e-01
-3.167995898031417124e-01
-1.991023118549425652e-01
2.093128250550255476e-01
2.656220553545468599e-01
-1.142483328329654546e-01
6.947724967931302453e-01
4.945566446656558535e-01
-2.861487245856440542e-01
1.506263899350814839e-01
3.004213908665092636e-01
7.674587210233185797e-01
-5.699542712867458061e-01
-2.710259737242605715e-01
5.543292245211499658e-01
-5.723680212863136996e-01
8.528472396799274824e-01
-8.708268706175707752e-02
-9.168553956436937824e-01
3.980117486967746365e-02
-5.045411468402565269e-01
-7.754291092964011867e-01
-1.325095226464380049e-01
5.708397827810177683e-01
-6.045306716002981640e-01
1.439732568471474572e-02
-7.531198819393380983e-01
-3.218800199247854321e-01
-7.046529739227029854e-01
8.822361506300671063e-01
-5.477484558063716591e-01
7.180322169935448029e-01
-6.499548702328344918e-01
-8.242090775877987385e-02
7.011730567244967016e-01
5.180440047421760452e-01
1.546704703906686129e-01
-1.928707745742537782e-01
5.085340325030859310e-01
5.462764501781420812e-01
-2.658677783828782282e-01
9.051378617222710643e-01
8.997711056905746685e-02
6.645804169152670360e-01
6.964719782243300461e-01
8.606850503579762668e-01
-6.354482206737884775e-01
3.797061524069016425e-01
6.451015569927803783e-01
9.526508445909742662e-01
-3.634537347208959823e-01
5.893566960829762502e-01
-5.351312446496684361e-01
-8.897474726550995694e-01
5.915254855245943855e-01
-8.860919446627626428e-01
1.403273592163962191e-01
1.061860943639347521e-01
-2.943060501086888214e-01
-1.627054849144469184e-01
2.822965699290960057e-02
-5.761318422797151451e-01
2.109596694387093629e-01
-5.690133467565998693e-01
3.457960922452943398e-01
-9.245746805578344274e-01
5.006059387857273446e-01
2.321580683861895200e-01
9.423242080584327829e-02
1.858317359401730900e-02
-7.552164141413161835e-02
8.632475062021343071e-01
7.101635422853046498e-01
2.424120354632984531e-01
3.035756172899093941e-01
1.878351588692850904e-01
-3.248569821423248627e-02
1.783290862916890873e-01
-3.152733392576972937e-01
2.995495586072622896e-01
3.221826874947338049e-02
-3.014813085375481760e-01
-1.680247948962736437e-01
-7.036169069565740841e-01
-1.833068550478328118e-01
2.723867249005746949e-01
-6.905162099625107575e-02
-3.410738479562924752e-01
1.425355533258688134e-01
3.625588131561512384e-01
-2.064254056384637048e-01
-6.167231758011170600e-02
-5.643138751451763913e-01
-5.131936948291854206e-01
-6.077495986083712998e-01
-7.300089727139424944e-01
3.970480265602496228e-01
2.160739621313630399e-01
-5.880662331391512954e-01
-5.274303381497720267e-01
-1.838622354918200419e-01
-6.756396917285604209e-01
-3.262362313332484720e-01
-2.536550559283953232e-01
1.290635704623212254e-01
3.295591026797312084e-01
1.757244693153107162e-01
7.634518568527397520e-01
-3.485589392124133767e-01
-2.274473110097502970e-01
-8.490131693679829894e-01
3.177392194978576612e-01
6.922761649609128209e-01
7.606326831054406323e-01
7.743493729700559047e-01
-1.561725246886056517e-01
-5.547635604818484945e-01
-7.917720237938129513e-01
1.223617737776704628e-01
4.158428791987035800e-02
1.106921182822674377e-01
-1.676928126422919385e-01
-6.229546191097865560e-01
7.698291804926291060e-02
6.187507830091840688e-01
-6.056754348464876703e-01
7.153580979042256649e-01
5.258446175680393520e-01
7.079079521168776257e-01
-1.649059648879184770e-01
-9.535192461832611155e-01
-1.691594163965214614e-01
6.513971746529670925e-01
-5.381418332468596022e-01
3.351181589296810953e-03
5.797613849386951124e-01
-2.300284599842140065e-01
3.887056334415178172e-01
-2.301209140299012579e-01
-2.641720787671049397e-02
6.380490299508426721e-01
-4.675692629442307902e-01
3.183914463326186772e-01
-2.005504507377410539e-01
2.618952549902153759e-01
-2.453239419669672461e-01
-2.140971341804220329e-01
6.040816556869316178e-01
-1.025773687699676473e-01
-4.389702534232342579e-01
9.080650582239144231e-02
-2.899196653845312888e-01
-2.833155857113607845e-01
-1.413261012178290144e-01
3.073095722507634964e-01
3.257280323243152975e-01
-1.646313491455318745e-01
5.260495043775448298e-01
5.904477933391283351e-02
-3.066148013269213712e-01
-2.838129308249017213e-01
3.575694078087412464e-01
4.227529950969655670e-01
4.092014409508940020e-02
1.124573237250148933e-01
6.118174649822559485e-02
-3.491222523693111035e-01
-5.456705739204069372e-02
5.907789153137541494e-01
2.073133964898019599e-01
-5.699188813645408302e-01
-8.164538324612699571e-02
-3.870883078935035693e-01
-2.511436658286644863e-01
-2.441368761883869476e-01
-3.944226797405184226e-01
7.285765141805697898e-01
2.713060108836383155e-01
4.974477303195627975e-01
-7.821904869862952303e-01
1.505885001398573619e-01
3.499603843330426622e-01
-9.258710363420157297e-01
1.042324150970146135e-01
7.771004990077756691e-02
1.813640317964955173e-01
3.182876037116600942e-01
2.344164171082581682e-01
4.547567059457732763e-03
-6.981575088072525803e-01
3.360456517329402648e-01
8.598805764593796253e-02
1.191791190068710732e-01
-3.030670504567528067e-01
-7.648124410681361729e-02
-3.040639890501395937e-01
1.292624027378549700e-01
3.176511154042660490e-03
-2.174398720444526978e-01
2.944928863385460893e-01
4.381804216769276117e-01
5.192139524984584753e-01
1.539182722998653705e-02
7.875244790739549527e-01
-4.994359847956247322e-01
1.569207064914076577e-01
5.835182582341802426e-01
-2.694989358874451679e-01
8.447033937942725890e-02
4.593251812912256260e-01
-3.635726245272580259e-01
7.608719519863987868e-01
-1.159536521429045952e-01
-5.952144019272428421e-01
4.432152935905548929e-01
2.192206586106185129e-01
5.028457824739936965e-01
-3.124878088570920420e-01
4.231322432924640164e-01
2.102289318048488065e-01
3.205040729394026400e-01
3.212557094257301182e-03
-3.645224337655551539e-01
3.530588380745323107e-01
-4.823070085934035856e-01
6.886066624185790408e-01
-1.203443950485679897e-01
1.677380004185596296e-01
-4.760069173387381780e-01
-1.517085526870002588e-01
-2.118407824084672098e-01
-2.010985808259201923e-01
3.371683258965155749e-01
-4.138614642975511904e-02
-1.515136030022836977e-01
4.889347879567464972e-01
6.577747580634484004e-02
