-1.174752269620515516e-01
1.325395647604260541e-01
-3.501259572138800125e-01
-4.563908135806626354e-01
8.700605721561829320e-01
3.463411552585774489e-01
-1.179904340900976567e-01
-4.909262891787778416e-01
8.389274634779569917e-02
1.891566241299144635e-01
-1.429711897684781685e-01
2.922442080801339603e-01
7.716240047433436944e-01
1.693783024871141629e-01
-4.556337833760980005e-01
-7.053852868763541006e-02
-8.527584026274268036e-02
4.742467652676606304e-01
5.562267000429211850e-01
-5.165019566994977218e-01
-2.651797817952243341e-01
-6.299238098093206117e-01
2.937556985194434978e-01
-1.349127998791298522e-01
-3.279092728425568593e-02
3.652255322067193277e-01
-2.637860982234643270e-01
-9.952133042982830302e-02
6.609709790099007609e-01
4.177369417271933338e-01
5.338723000608446290e-01
-3.270670868755533589e-01
-3.443032139233824784e-01
-4.124335292331575142e-01
8.689734317387998175e-02
1.784470857046830117e-01
-5.249703053992555990e-01
-1.949613455289895408e-03
-5.368449599678444262e-01
-2.881376469084047653e-01
-9.162129140337460509e-01
-3.347157975466796276e-01
3.440956752863526535e-01
-2.199641501547126288e-01
3.594471499889754784e-01
4.098159652789368779e-01
8.074197718666881185e-03
-5.419650357631881077e-01
2.811094847850907907e-01
1.638994774949700528e-01
6.116679869240341239e-01
2.144236500904461717e-01
-4.064122455480616014e-01
6.100372285025444929e-01
3.436985029198245112e-01
-4.154555924960366409e-01
1.337532799231091751e-01
-5.655293314626977930e-01
-1.881572886240125420e-01
1.554539419900776709e-01
-8.956200251137532709e-01
8.647250664866532044e-03
4.054897667541734751e-01
-4.336510713852256282e-01
5.087523783916327869e-01
-1.967738876561058170e-01
2.263239105993595790e-01
-8.000127723806325086e-01
2.281362304569113097e-01
7.037506475182602195e-01
-7.271048919932470156e-01
-6.095455463931647166e-01
1.762016433951417438e-02
3.939734408459488191e-01
4.019051464917767214e-01
3.311142097376794102e-01
-2.651324341131962026e-01
3.852710872846148438e-01
-4.945392162571739525e-01
-3.152568096934308950e-01
6.085844859796439577e-02
6.798099362457654671e-02
-3.489298368010332330e-01
6.857549951639693164e-01
-4.407705913812802745e-01
-5.628025345174202387e-01
3.805351902857907476e-01
-6.756821692930944367e-01
6.035133312670967198e-01
-3.766081167437591859e-02
2.712908575004339684e-01
1.422760510574817561e-01
1.740366766263431453e-01
-5.427169744083999436e-01
-7.832200600997708817e-02
-6.367174773739202598e-01
-3.500632655765167911e-04
1.043847536832472195e-01
-4.778166820058639130e-01
1.631602990154815414e-01
-4.306339837327749498e-01
-6.958180898387149593e-01
4.244648194768119165e-01
-3.902826677790121601e-01
-5.575596510635879577e-01
8.237032208488571650e-01
2.998957184594099878e-01
-4.567747292896198186e-01
6.420222472844511197e-01
4.661215192164577248e-01
-1.224487999725867859e-02
-2.053543268552255885e-01
1.559207650108831722e-01
-8.674845081289186965e-02
8.903879196610300917e-03
-3.241184211012092253e-02
-2.971831270709881512e-01
-4.944145934300554490e-01
9.596138270276929894e-02
1.443856329293628504e-01
7.890655210752519633e-01
-2.057707613510205147e-01
-6.005151797806922431e-01
-2.253905649077380113e-01
1.354688891602091189e-02
-4.446271469277985888e-01
5.474208501611647071e-01
-7.078645349218251059e-01
9.657421280377557204e-01
5.244065693869821576e-01
-6.127941370774020458e-02
-3.543100134257931577e-01
-7.280898333012580936e-01
-6.505578804414000604e-01
2.743852988870797427e-01
-5.819402382270937313e-01
1.652030715505121705e-01
2.382486759132323162e-01
5.903419648965627098e-02
-4.618032835065857267e-01
-5.729498181072192886e-02
-2.834429373385783379e-01
-5.230126526110472351e-01
2.179885690977781121e-01
3.001519733334414575e-01
-1.377182108009800121e-03
3.604589501672244012e-01
2.618577439656932793e-01
-5.074853841478229599e-01
4.774104827292985354e-01
4.696139137327944302e-01
-2.933239867527039912e-01
1.673871179799808484e-01
-2.735378332123083456e-01
-2.690533848290599939e-01
7.308805348905088595e-01
3.493160284816752004e-01
6.408705924376471019e-01
-2.159112714109940878e-01
-4.655143605605932544e-01
-6.572024562988115770e-02
-3.891262224130768166e-01
-4.656051910982187958e-01
4.749932725421517343e-01
3.007678859291920692e-01
3.909321493061336250e-01
-5.579112576558783454e-01
-1.947955156862434256e-01
-3.920690255232242571e-01
-4.611110525179832470e-02
-3.567534637255301289e-03
5.074100188503752884e-01
-6.130946045360965435e-01
7.130638379910729796e-01
6.357122337135289181e-01
-2.185231461935805142e-01
6.070969802644557434e-03
-1.923496590162967479e-01
6.120196004766668141e-01
5.994876590465788579e-01
1.000000000000000000e+00
7.646556940340197561e-02
4.515125927068992795e-02
-1.226919978875752049e-01
4.388603177284128298e-01
-2.730293408342948092e-01
5.733626033477156048e-01
-5.580494881292453746e-01
-4.686560771997470010e-01
-1.383881905394536149e-01
-5.042363364555484395e-01
4.296057079968962356e-01
6.605409097230833249e-01
-4.527072476276617352e-01
-5.068979933095797419e-01
-4.016021729180437871e-01
4.260732701005614520e-01
-3.524715718460349478e-01
4.763757907228335364e-01
-1.916280347507763326e-01
-9.790395551723102274e-01
-9.300839402634167308e-02
1.423735743869387060e-01
-1.062321991478151761e-01
-1.611573664220950775e-01
7.695626129261490256e-01
-6.222437290850721392e-02
-4.019642503644945547e-02
-5.833088307800168293e-01
-3.085398251743750458e-02
4.706928765691810734e-01
-6.368797517569660949e-01
7.976678001542172325e-01
6.913088091123964496e-01
1.989821650368552020e-01
7.488785481899191687e-01
1.247857674246171389e-01
-3.698799806343288088e-01
2.269673489811458444e-01
3.831969432995293023e-01
-2.149604210314662311e-02
-4.456614758664164677e-01
-6.797648059608037974e-01
-4.506041177689045218e-01
-1.708894449683235894e-01
-2.157585363831628356e-01
-5.374728090948284187e-01
9.951446879699496484e-02
-1.465220041290498376e-01
7.687959282519727378e-01
4.098806262182440041e-01
-5.032910304536897250e-01
-3.815570557146530928e-01
6.596627891620667761e-01
-1.421753883674957697e-01
-2.629653978239243628e-01
-5.058580550182939506e-02
4.296832571798099853e-01
-1.958769601160235962e-01
-6.974665506258547198e-01
-4.696319017775953952e-01
6.897036598536694652e-02
4.206801150459970051e-01
-2.825890329743700399e-02
3.062369789785557295e-01
-3.131252287902533959e-01
6.588119939382262036e-01
6.304764129398701122e-01
3.446781299533294152e-01
-7.389398385466956487e-01
6.519110019272315037e-01
-1.192398084845779499e-01
-2.448666878116698697e-01
8.430953010404451664e-01
8.320501560437120192e-01
-5.559505212148370124e-01
2.130074619122727941e-01
1.083448366332042945e-01
4.994045841711161060e-01
7.942161642068394922e-01
-2.616541616809678339e-01
1.794400621314366506e-01
3.008326972699040258e-01
-4.955583862939827444e-01
7.087485481668579501e-01
