3.018024930636367120e-01
1.228036853158663150e-01
2.477716009109291462e-01
5.632172743885859034e-02
-1.538121573411501131e-01
-5.267278845150700217e-01
1.334302468887591520e-01
-6.027687719746258055e-02
-2.118357489113969483e-01
8.120100768539960379e-02
-2.748721603846412398e-01
3.148226315149750543e-02
3.300429449244571267e-02
-2.570803022790419390e-01
2.421142312869942470e-01
-1.565834785750932490e-01
-8.238960985636268886e-01
4.895000486656871930e-01
-1.378366498745133839e-01
-3.932864607315077199e-02
1.914547466396899489e-01
-3.264873965371766218e-01
3.771364175501324967e-01
2.005088634152110971e-01
-1.356903652233305002e-01
-4.163688532060034198e-01
4.938037694227407487e-02
6.900240377653354962e-01
1.057978587841593154e-01
2.272568517930455834e-01
2.392487922109390319e-01
7.450891835552040376e-01
-4.370064028996608618e-01
1.304233111630981323e-01
-8.788592342680605352e-02
1.753031606080427685e-01
-1.893122840741440216e-01
1.032560639570780092e-03
-3.955743688772260791e-01
3.477465891607691706e-01
-1.026135828614596623e-02
-4.058599789552338466e-01
1.197540102564329800e-01
-3.617513817028396028e-01
5.086848057294197645e-01
1.815879009606183869e-01
4.055785807342160432e-01
4.786879005870159354e-02
2.260464649310495455e-01
-3.367870790578809670e-01
1.943462379271666263e-01
-1.998967656052030029e-01
-1.162823642775205613e-01
-1.311092521045437997e-01
1.593905153708705391e-01
-5.214468453817400206e-02
-4.700336465070827779e-02
6.663519642341545479e-01
2.674678294132417644e-01
1.115067262320393882e-01
4.008451930579187139e-01
3.467609315696038030e-01
-5.000033531179849389e-01
-1.495816323563116113e-01
3.065832729681875479e-01
2.895027824288421425e-01
1.280565589704061799e-02
-8.687014338839442740e-01
9.467143321584202409e-02
-1.100846848922785864e-01
2.871562612191500552e-01
-2.102860165438289741e-01
-2.127710542779279179e-01
1.183998122251877783e-01
1.427110205629662232e-01
6.583397670111352795e-01
-3.668806374855633767e-01
1.229957643589588007e-01
-1.463479636244877646e-01
5.492587975476322937e-01
-8.400402268618448187e-02
1.803000802504918509e-01
-2.497825687154013319e-01
-1.812900692581159712e-02
-3.995075051288026757e-01
4.610117979437307056e-01
3.716056620561716262e-01
-8.809107649046601929e-02
3.829505569111110730e-01
3.947608921967633022e-01
1.958130746853286863e-01
3.666153985776884339e-01
2.326735269512443249e-01
-4.632400309220449097e-01
4.137777483409326718e-01
6.929439523654241928e-02
3.700198525145605988e-01
1.985816377435068447e-01
4.148467333515619138e-01
-2.243475338376307027e-01
-9.152069034632992484e-02
4.331923515880496400e-01
8.905504704165374819e-02
-1.528992667204709943e-01
-3.969405105643616927e-01
-3.408601087471422320e-01
3.766251588058583399e-01
-5.239849817373856689e-02
3.851668145751953043e-01
4.038457125263710257e-01
-6.248202835117278031e-01
-3.940317528288256321e-01
4.553963074989157422e-01
-5.344201002581598914e-01
1.132413558076818538e-01
-1.411052127960595870e-01
4.948241856796420923e-01
4.022730185493541000e-01
7.656865634803347587e-03
1.983555370892120528e-03
3.113008137429844613e-01
-1.901128448841132856e-01
1.975512315932132501e-01
1.699642451445837477e-01
-2.710968184238815026e-01
-2.516775277990824233e-01
4.425803939117263219e-01
4.674257719687556489e-02
-2.303888204905163439e-01
-2.482208905879271232e-02
2.673986580416154446e-02
5.866727163576131998e-01
-3.860371294436507617e-01
-5.494634541818371742e-02
8.216449150699335346e-01
-5.193205790239847630e-01
3.074564927936596082e-02
-7.199008367426423805e-02
2.479746887804146205e-01
1.697197620046018152e-01
1.573127147949655025e-01
-1.492898657120204642e-01
-8.265543642067671448e-02
-2.587269334628562456e-01
4.814289357345865050e-01
2.650275452027129885e-01
-3.710849266731990892e-01
-1.321258570433221091e-01
3.121190297993058360e-01
3.368095435590843789e-01
3.446109228349596987e-01
-2.256064975169878029e-01
-5.446987106602360074e-01
1.643194724476856883e-01
-7.855433704970311848e-02
6.377888204821124951e-02
-2.291915551928734862e-01
1.067072229793575300e-01
-5.383729423511544043e-01
-3.675501878449333182e-01
6.271177502964624118e-02
1.411021619176523467e-01
2.007498765559747600e-01
-1.384625170729578969e-01
3.313690800988791096e-01
-1.619616242465877487e-01
1.981817924161081990e-01
3.380231205711315967e-01
2.847977961340845132e-01
-3.987145246546432986e-01
1.827292051696786657e-01
-2.031793059846433713e-01
-1.697746701637724009e-01
2.936653103540274312e-01
3.158015664734611372e-01
-2.912567249617193932e-01
-3.584657133755638214e-01
-4.738084855386701655e-01
-2.800609613790110419e-01
1.416814487209416829e-02
1.527118549207213127e-01
-1.827428491396341226e-01
-1.530401520206478849e-01
4.360511445062182911e-01
-8.818425304467372716e-02
-4.012615893275483514e-01
1.585342755768616163e-01
1.404984563783175933e-01
2.970864170664669901e-01
4.569082346329583211e-01
2.992503917573951511e-01
-6.458107237779935061e-02
-1.207833795736301952e-01
-5.776628003950643464e-01
1.733832108439494202e-01
3.441106672016318591e-01
4.418227139710989571e-03
3.433751619472614758e-01
-3.853417665987332597e-01
-2.289124796609409429e-01
4.174714940748904674e-02
-4.344708838534876438e-01
1.719266538467682237e-01
-4.977621095683477936e-02
2.928129856163921296e-01
4.125308296574648481e-01
5.136337731955461505e-01
-1.436226933984722787e-01
-5.986782463640419882e-01
1.599318207986266116e-01
-3.631414940287734372e-01
-1.485820658592476862e-01
2.567125726110937034e-01
2.071632870627758416e-01
7.061608330810562606e-01
-3.113203561300810773e-01
-4.141763990240850402e-01
-1.433404459094859418e-01
-3.981657782132125983e-02
-4.637707366492797023e-01
-1.936480311244847263e-01
2.922257603609356713e-01
1.206703739441397916e-01
-1.518303567428913592e-01
1.877564857730573689e-01
1.917966028767202277e-02
-6.551405714655974544e-01
-5.824094943964993609e-01
4.234076331232242696e-01
-4.016157948747033912e-01
-2.307185414880622287e-01
-5.724163725437525496e-01
3.844720915385095306e-01
3.973753727766413113e-01
5.999762513191043284e-02
1.840296741091224098e-01
8.121181261960837283e-02
2.318653347732069214e-02
-4.233170383892358168e-02
5.453845137524386821e-01
3.194229401272208335e-01
1.046157686520992475e-01
3.325063924440889718e-01
2.466207740952219563e-01
2.179974007281447745e-01
-4.788748195070374747e-01
5.902399341007273648e-02
-6.045704231469812423e-02
4.374418694230809979e-01
-8.121497057363309402e-01
-8.226791695690544026e-02
3.151761389709877847e-01
7.975291437000260331e-01
2.645682922120612401e-01
-2.168091268215658340e-01
1.691139423252148721e-01
-1.467540189135565012e-02
5.542189887738845355e-01
1.005030158748450309e-01
2.974137775874177714e-02
-1.449301819840277394e-01
3.565374779546736095e-01
-3.889186295726484444e-01
-2.405776555081668433e-01
1.600653949841426837e-01
