7.402579211019139072e-01
-1.389773285710256719e-02
-1.383836026081354253e-01
-3.634241321463909519e-02
4.495787497332384697e-02
5.979375879264711702e-02
2.675978604609517975e-01
-2.162553658880028706e-01
4.305716931318178675e-01
1.253079272997004445e-01
-4.490809904347500825e-02
-3.110041069707097372e-01
1.698921309119689194e-01
-3.345882951838614616e-01
-1.671435248518904626e-01
4.737579277782203446e-01
-2.576206995636560193e-01
9.561916940889148009e-02
-4.101456753669722732e-01
-6.735025983276787809e-01
1.675731790539552735e-01
-2.765496008129506578e-01
-8.842269421990545109e-01
-6.697619790235536108e-01
5.384168559363595730e-01
-5.782781619458854383e-01
1.538404920909710871e-01
-3.621575495678481804e-01
4.555276005676433537e-01
-5.787466311391548102e-01
-3.363894076008575734e-02
-5.806654996798783497e-01
2.584852838372268119e-02
9.489698822495730157e-01
4.179049611148650256e-01
6.768386635385915673e-01
-3.134064678289611439e-01
3.235645616145230719e-01
4.157230320444740279e-01
-2.450823458745497174e-01
-2.252300974967255676e-01
-1.580620434773433725e-01
-2.227974837460917901e-01
4.436225980851473127e-01
-1.630842211203846759e-01
-2.725934369680632630e-03
-4.627082269397149172e-01
7.910213168920718352e-02
-2.765245462126821041e-02
3.086621869804622234e-02
2.911663239894198840e-01
-5.798344824325692981e-01
9.297342003135594668e-02
-1.932685393332934098e-01
-3.872528300547202207e-01
5.046299986277168470e-01
6.286141804071891936e-01
-2.759645531722015321e-01
-1.044753871990540678e-01
-2.100634554333098425e-01
-3.534295003262377666e-02
5.727365217519282403e-01
-4.378690463349026452e-01
-7.592065348955150395e-01
-5.186686238970402707e-01
2.290107530375958544e-01
8.572239529325500484e-01
-5.929407483460051864e-01
5.407408093943302241e-01
4.038284346857041740e-01
-5.845646964818225211e-01
-2.553680234644498115e-01
-7.189512379266616016e-01
1.187821036812360120e-01
-1.804416895251118591e-01
-6.742805890470680852e-02
-3.654199902008439804e-01
-1.073408671865120345e-01
2.039624179503159718e-01
-3.357917596271779020e-02
8.262982287430733486e-01
-8.764855924557679590e-01
1.690090662751994044e-01
-1.996310166676980302e-01
1.090203925255089912e-01
-2.590699615711739706e-02
8.001557950738888980e-01
5.068144329681839588e-01
1.512949111349931042e-01
-2.450513202469373764e-01
6.581547983860760453e-01
7.710502585012570798e-01
-2.040136445841310431e-01
5.201084490064091792e-01
-3.977544728049317024e-01
9.810548856669573659e-02
-4.931914000655012731e-01
5.689018470980420350e-01
2.848656472017614405e-01
-1.901206601004701569e-01
-2.577399696123037209e-01
6.057881249736140061e-01
2.050083794979561946e-01
-1.411582093315201514e-02
-2.334379859623744446e-01
-3.828325007579232997e-01
3.112386078795800759e-01
-5.720810437809454863e-01
-3.777200656804083900e-01
1.409148397577098255e-01
-1.000000000000000000e+00
2.058932810211976938e-01
3.091134855870610321e-01
1.283560630179667039e-02
-8.796527569478962416e-02
8.792048801326960428e-01
6.417682042005699028e-01
2.074947542012765267e-01
-4.801149630710946914e-01
6.613431696974760854e-01
-3.267171558125094855e-01
5.287250402897554491e-02
-1.987993757937613071e-02
8.541234754061952650e-01
6.757590416330963579e-02
2.942151793615905842e-01
-6.054866502062682398e-01
6.636666304866510879e-01
8.558563719111108581e-01
3.186268030095015247e-01
5.890802749107408864e-01
5.264822561646103072e-01
-5.916370367225565197e-01
4.665467852424667328e-01
-4.934452754351015824e-01
3.444696796184263388e-01
-4.419789893310883955e-02
-3.345549852314199102e-01
-4.215089506636430783e-01
1.990252144696683656e-01
-1.139005700088649431e-02
4.381882258902493055e-01
-8.850106624661604471e-01
4.444976667336653087e-02
-4.686603676401121521e-01
3.640353391325065191e-01
-6.061929769654547107e-01
1.945068693028299822e-02
-1.378879898528037051e-01
-9.062637585138142438e-01
-3.688477176828418025e-01
-1.123393422951857526e-02
2.177979209064430655e-01
-1.237827562445705937e-01
-9.880330339134596462e-01
-5.089723716414393806e-01
8.410919465292027164e-02
5.353340559880013227e-01
8.857558975937376289e-01
-1.803062578966629914e-01
-7.600705722976763834e-01
-4.020797247750971248e-01
4.364612664783165119e-01
-3.379491593692115492e-01
1.304447603985074422e-01
-4.562343065189458646e-01
-7.590941232398552563e-01
4.166165095253580586e-01
1.555661507100456753e-01
-9.935952186876169101e-01
4.972981309257552551e-01
4.986394720353211005e-03
-1.966720692993549346e-01
-7.925583814547048078e-01
-8.498881092442589491e-02
9.618912346672314762e-02
1.053161035988914307e-02
7.871523596037121040e-01
5.308176701959184118e-01
-1.250878815568103319e-01
2.761735101290208050e-02
-1.356094586165882965e-01
4.356370684506327001e-02
1.800477412415995571e-01
-1.758072329283568158e-01
-5.570729327372851980e-01
-6.338166612525466537e-01
7.626206983814406426e-01
-6.230800349445542868e-02
1.455385598707387151e-01
6.322623859987183126e-01
6.045731474091273761e-01
2.126970355921535549e-01
-3.971987189955586972e-01
3.227945863937940474e-01
8.122841241857392536e-01
-2.431210591421241185e-01
6.121884951291469701e-01
6.127849861994125735e-01
5.174679741166712255e-01
-2.337066882622102770e-01
2.170395158932290625e-01
-3.172103180581190007e-01
2.988532691314054746e-01
-7.858459222649424314e-01
8.408684425614176838e-01
-1.277899232448775346e-01
-7.507419976363752800e-01
2.492001728034615171e-01
-1.694795477201637146e-01
-4.225712127711367394e-02
4.671159077000268667e-01
-5.661033202902927552e-01
2.684913175019267850e-01
-4.091730557745067998e-01
5.719435375210653039e-01
-7.340490138031187106e-01
-4.472628457243100764e-01
5.719097382789773976e-01
5.811917415157952238e-02
-3.052357898147642357e-01
-2.311426331711306098e-02
-6.181182903455950672e-01
-2.624114711172059189e-01
-3.580811446035023771e-01
9.070379446037918347e-01
-5.270495660518512704e-01
4.333316268488816014e-01
4.422356574654154326e-01
-6.099119000668667967e-01
-2.535579205617136678e-01
4.423726021394071006e-01
2.068646048703693952e-01
1.000000000000000000e+00
-4.073444557518093867e-02
-3.478124083163205427e-01
-2.638023408632191869e-01
-6.757755037640094109e-01
2.570333923103652052e-01
5.970367261043559859e-01
2.635819532048235270e-01
-5.349792217911676639e-02
2.713954466022835965e-01
-5.342234555032038257e-01
-5.061692634442961358e-01
-2.436324072741247460e-01
-4.412522360966409929e-01
5.515259489141266513e-01
4.087268271612095605e-01
4.792298812908800110e-01
-7.182875103337764411e-02
1.445959510763486500e-01
1.048351710971447970e-01
1.301314528752620658e-01
5.675101579460162249e-01
-8.415782966614417937e-01
3.182588181391197979e-02
4.753411542672729695e-01
6.644388804682891392e-01
-4.395321322982297385e-01
-7.654521428613829670e-01
-9.067845664304891029e-01
-8.842932715192154403e-01
1.874938352251752649e-01
-4.072749989748093991e-01
