-5.192869343154845468e-02
4.110014358089694175e-01
-6.882639390211493513e-01
1.594916015364467310e-01
3.131561311587478524e-01
-7.450821647159981964e-01
3.264888800095244181e-01
-2.069914452836664753e-01
7.870477120863690335e-01
-2.239174781617210841e-01
2.777477572576855236e-01
5.672549332547220935e-01
-4.566690988098112136e-01
2.368400742118004776e-01
1.008539642586399332e-01
-2.706692641553622158e-02
1.649407478959187268e-01
-1.305093399199578896e-01
2.670483833003028940e-01
1.625193774236320665e-01
4.597038133436509577e-02
-1.844792333540292706e-01
-1.868854608414530494e-01
-2.647778009629817020e-02
-1.147858969848747773e-01
-1.328644708841857092e-01
-1.128941385557615390e-01
3.928709535629255067e-01
-2.164294424607253187e-01
-1.340454698799621869e-01
4.687309957122373638e-01
5.443407783331929428e-01
1.981551871501845141e-01
-1.552045482252839004e-01
8.894770254094908069e-02
8.844043906283158840e-01
-1.072274303185026534e-01
4.005092528764017112e-01
4.682669846641708267e-01
-1.653111536344949520e-02
2.212900131550416816e-01
2.314788763594512466e-01
-5.278302264979980452e-01
1.555402380642063320e-01
-7.004188894747043204e-01
-6.600231946343796396e-01
-8.165267850264580352e-01
-5.077667280406630845e-02
-4.345372675268461271e-01
2.343470328805620229e-01
-6.750787293411467660e-01
-9.009728888189741380e-02
-3.210780480925998770e-01
1.601339201488987118e-01
-2.881323556869943570e-01
-3.373636761891599667e-01
-1.994764463962669099e-01
-1.676129284330450664e-01
3.083273946550312283e-01
-4.792147531638895064e-01
2.533640007714877962e-01
-7.730486299419833673e-02
-9.372114831149111480e-02
3.297393494098427857e-01
-4.195149316859189126e-01
2.948452709766649082e-01
-3.352870709799388171e-01
3.218816405259804225e-02
2.453580950504291314e-01
-5.567252238713429890e-02
1.364363870418972557e-01
1.020866579181160388e-01
3.787190922920149472e-01
-5.401413506194895353e-01
9.828963827216279092e-02
-3.979982064499696381e-01
3.897941216267839515e-01
2.297207209116334248e-01
4.845373752758754815e-01
2.909591519683110139e-01
-2.866074021097089197e-01
-6.546333979803816705e-01
-5.433407259094944486e-01
2.149361466491743478e-03
-1.177175145465335915e-01
8.193059396994187282e-02
-3.082116548194203665e-01
7.142511022448452263e-01
-5.748847966871104553e-01
1.878315849901120438e-01
5.445517629901321932e-01
3.730935839228910478e-01
-5.261907882195736297e-03
2.681552219611614274e-01
-3.707810580810501355e-02
-1.162835336030221406e-01
-2.777012322952177592e-01
3.156476055223935151e-01
-5.194071738978547903e-02
-6.784158272364637643e-01
-2.736997700927888411e-01
2.077463774043246669e-01
8.172410191630135046e-01
1.239335807445033355e-01
-1.754235973431129691e-01
-3.184681389566480503e-01
-3.040187817614878885e-01
5.068740254473515228e-02
-3.584648239950254806e-02
-9.651569881910421200e-01
4.408192935400019608e-02
2.222234774685287739e-01
-2.602556073752584909e-01
-2.044787284920723813e-01
-2.959721123556428579e-01
1.177263406506480758e-01
-8.043955485377188297e-02
-1.016560162212629959e-01
-3.702047268898883692e-02
-2.466157176225869663e-01
2.333639821365137978e-01
-4.529881651368263817e-01
2.883581925056604156e-01
-4.042054329231984933e-01
-2.474047470059347331e-01
1.010946124149023351e-01
-8.412618354680826416e-01
4.072171640635476320e-01
5.866013855489768947e-01
-2.606748462532437194e-01
4.112778142118287406e-01
2.991360819631149748e-01
6.465522787866634369e-02
3.212634069501005274e-01
2.727276163747319737e-01
-3.698490633199001953e-01
-7.000147181300759858e-01
-3.384709381260868621e-01
-1.066779402294285167e-01
3.022297517668612321e-01
-2.934118380152513916e-01
-4.990039385700181795e-01
-8.166125279793349234e-01
-3.159435393250590307e-01
4.934056603380422290e-01
6.720761217602482240e-01
1.207783598454255786e-01
-1.926204242755797380e-01
-2.171960897044867000e-01
-8.184747356027838316e-02
3.525729660484138162e-01
-3.969778329802045591e-01
4.083761082479615556e-01
-3.171491615665709141e-01
-6.183020010736199890e-01
5.602674831530350952e-01
2.794324103100029322e-01
-4.660084209692127999e-01
-2.313041954966557068e-01
4.408638972732712991e-01
2.113724156161408685e-01
3.941154390824246068e-02
-2.001288914774959071e-01
-2.815031561223539924e-01
1.028582065030569648e-01
8.393390000712217525e-01
-4.975871984463278719e-02
1.497219066993803471e-01
-6.292360161804318175e-02
2.783645435294367088e-02
4.671463588920832244e-01
-7.471490253503392243e-01
-2.226633067174629832e-01
-2.485543529709226540e-01
-2.432163174961673446e-01
1.358203427141028707e-01
-7.546192790820943630e-03
3.015672657906069976e-01
-2.760843538681185816e-01
-1.855984943066943949e-01
-6.124236291927904335e-02
3.150712081728354041e-01
4.382945966416699757e-01
-2.250989103180367212e-01
3.482965601153669155e-01
4.808095744804116722e-01
-8.061684558619351681e-02
8.108886345663857131e-02
-2.836445313809142776e-01
-3.934385372519994539e-01
-1.497765147512602757e-01
3.300252531188599958e-01
-9.270822025775356245e-02
2.391207372020863198e-01
2.002074740445211609e-01
9.649850900837306233e-02
-2.768257149960061669e-01
-2.094926208935822542e-01
3.800130508150184605e-02
-3.669383313734285723e-01
-1.813266868603642390e-01
-4.439533107371027576e-01
9.594854706845290515e-02
-2.548808928681518537e-01
-5.703354284843447086e-01
-1.653746783640431262e-01
-1.303844824250799117e-01
-6.860869209592214413e-02
4.306676763571344324e-01
3.107755063709488619e-01
-2.318652000841391614e-01
-7.722355078193570144e-01
5.369949470976882466e-01
6.838294461176454009e-01
-1.140169109449612472e-02
-1.949481253547387383e-02
7.360990738954423795e-01
3.302420244116073267e-01
5.166779681347054287e-02
-1.846201746372148900e-01
-3.975308323664404897e-01
5.302173904742328858e-01
6.934523274925610825e-02
2.487769011092527682e-01
6.800015944605011242e-01
-2.005863429928102515e-01
-3.272550917715912333e-01
-3.151484844062559243e-01
4.388860326945630552e-01
3.342293048155491886e-01
-6.826625250368041353e-01
8.720202208698654700e-02
-1.829659889305498832e-02
-1.249729034788507193e-01
5.065426357505018462e-01
-9.331493433793031089e-01
-4.478353932237980617e-01
6.693000489291520694e-01
-1.803796855203109728e-01
2.782149743970657174e-01
1.088995350616022151e-01
2.899938547408419942e-01
-5.079054403085162539e-01
-2.418973674546397723e-01
6.404115187391887787e-01
-2.451257607938283067e-01
-4.871541408013753127e-01
-3.880802903345022953e-02
-4.617137861076389682e-01
-5.184681942640281815e-03
-2.790146465406085907e-01
4.020545426164229275e-01
5.017184679908909262e-01
1.914075239338236811e-01
4.950525378412178323e-01
1.214184426379290027e-01
-6.633561275143444735e-01
-2.403555919199876212e-02
2.925639097525598031e-02
1.622716527420205446e-01
-1.785109097765990027e-01
4.058824082712794157e-01
-3.617763308694967317e-01
-6.315896193124321822e-01
2.245058028075074819e-01
